4516
5033
4608
4609
4612
4617
4565
4812
4821
4822
4481
4504
3201
3202
3209
3215
3222
3622
3632
3642
3797
3805
3822
3826
3837
4449
4479
4727
4728
4731
4735
7094
7065
7528
7550
7488
7514
7515
3746
4848
xxx: 0
xxx: 0
xxx: 0
xxx: 0
3352
xxx: 0
4765
3949
3951
xxx: 0
xxx: 0
xxx: 0
xxx: 0
xxx: 0
xxx: 0
xxx: 0
xxx: 0
xxx: 0
xxx: 0
3921
3927
3935
4686
4691
4700
5165
5173
xxx: 0
4789
4794
4796
4799
4712
4719
4723
4750
7555
7471
5194
7672
7630
4967
xxx: 0
xxx: 0
xxx: 0
4885
4818
xxx: 0
4872
xxx: 0
xxx: 0
xxx: 0
xxx: 0
xxx: 0
xxx: 0
7747
7752
xxx: 0
xxx: 0
3886
4179
xxx: 0
3591
3614
xxx: 0
5427
xxx: 0
7700
7704
7804
5327
xxx: 0
5044
4208
4218
4841
4842
4856
8102
8120
5088
5093
xxx: 0
4008
4015
4020
xxx: 0
xxx: 0
5540
5542
xxx: 0
7809
4323
7911
7919
5163
xxx: 0
xxx: 0
xxx: 0
xxx: 0
4965
4990
xxx: 0
4804
4806
4809
xxx: 0
4995
4999
xxx: 0
5210
3982
xxx: 0
xxx: 0
xxx: 0
xxx: 0
5018
xxx: 0
7896
7901
8236
8252
5334
5599
xxx: 0
4941
5122
xxx: 0
xxx: 0
5690
xxx: 0
xxx: 0
8010
xxx: 0
8050
5283
xxx: 0
xxx: 0
5461
xxx: 0
5226
5244
xxx: 0
xxx: 0
4334
xxx: 0
5070
5077
xxx: 0
4107
3870
xxx: 0
xxx: 0
4141
4149
4155
4851
4865
5129
5145
xxx: 0
8072
7828
8092
8490
8239
5347
xxx: 0
xxx: 0
xxx: 0
xxx: 0
5794
5806
5234
xxx: 0
xxx: 0
xxx: 0
4256
4265
4285
