24.73655 16.27498
23.85482 7.81145
19.85740 19.00642
20.88028 19.98841
26.49380 6.44135
8.22701 6.04229
16.23882 9.20497
18.71561 19.27894
25.03962 7.88909
24.25443 16.29850
36.98965 17.78458
16.54393 9.94381
33.17537 14.80993
14.71848 18.15165
24.64986 18.65846
18.99806 10.20627
21.78856 9.64298
24.92830 7.44980
3.62666 13.00471
18.58121 9.55318
15.02467 6.41173
38.39317 16.37920
15.68557 17.17555
3.44723 6.28248
19.96507 10.38778
19.27422 19.62489
25.41914 7.86968
5.42934 12.55181
21.21400 9.98411
15.95386 4.96046
16.16821 4.87790
14.73677 10.57787
35.14311 10.41480
4.12139 13.69716
14.70688 7.90661
3.10823 7.78215
4.79852 11.96672
25.28173 6.38632
15.28357 13.02647
25.14984 15.20595
36.27678 17.50566
34.01217 9.86589
24.97980 6.76514
15.84497 14.29640
21.07984 10.27337
17.82169 9.82233
6.39281 11.78786
9.19837 13.97852
25.33817 15.08581
4.09839 12.32536
14.76964 6.42696
23.34105 19.17760
24.90736 6.57410
25.81365 15.84760
35.85732 16.80410
4.98428 13.44980
4.65471 7.28779
24.94711 5.62164
24.81738 16.40767
24.88275 16.83859
20.03068 10.32995
3.83420 12.24885
25.75526 8.36908
26.28266 16.95632
36.83521 10.52562
3.05626 13.36813
25.42883 16.46101
15.63036 13.17281
24.80390 14.72808
35.79105 8.46969
18.99693 9.54123
15.91615 7.46473
34.99374 8.54976
4.73984 6.84262
4.96298 7.36548
34.99862 13.68440
15.79411 14.08856
35.87846 10.42216
16.84354 10.02258
6.24588 13.19938
14.28584 13.87492
35.28417 17.34074
34.28933 17.50711
25.64348 17.02287
7.54233 7.16271
35.79334 18.15871
34.86384 15.13007
36.43865 18.35529
24.00052 6.27946
25.20199 15.08396
31.02717 10.50768
32.85707 11.14276
4.66833 8.40741
20.16143 19.62080
22.06343 19.24811
36.80197 14.56571
20.16529 19.92891
35.17054 18.08182
4.23100 7.38482
19.40527 9.52794
32.14147 16.46666
18.69035 10.17354
15.02271 3.75901
3.58232 7.09033
37.47508 14.51557
17.57152 9.64867
24.50577 15.69130
17.61514 18.68254
14.25803 8.04860
4.51147 12.34232
14.82611 7.92007
14.58316 10.99832
37.79998 15.51892
5.80890 12.37564
33.22001 16.68757
25.27790 15.22870
34.61824 19.61501
5.53354 12.05768
32.59774 14.58149
33.81522 10.20497
25.38883 7.09296
18.51511 19.46823
5.67775 7.94591
35.20382 11.02338
20.55227 18.47220
1.69462 12.12373
25.17487 7.53809
25.17366 6.50638
34.78754 16.08995
21.50661 19.65180
25.40436 5.87107
7.34570 14.35541
36.97319 8.18691
20.97974 19.35177
32.21832 10.18617
15.55752 5.44424
24.19470 7.43950
23.96729 17.19759
18.84947 10.31338
4.00787 13.34207
16.09631 4.34712
19.96983 10.11275
24.70531 7.88815
13.89935 7.42447
25.86376 15.94021
33.89250 17.43791
14.84167 9.93122
34.02821 9.67693
14.39632 21.67772
25.04988 18.05365
13.90277 8.67111
20.25876 19.56879
26.71294 16.47982
15.28480 14.95578
5.37788 8.17006
21.16852 19.46418
35.79519 11.48314
33.68028 9.68023
15.00964 4.98590
24.64886 6.69068
15.52913 5.54692
25.57283 6.51641
24.60872 15.85788
24.50845 16.67271
17.48183 18.65614
25.04715 6.86091
22.11896 19.83647
3.34689 12.18894
15.14993 7.74295
25.40713 16.17690
5.62922 12.90231
21.11776 9.71409
20.38907 9.94722
18.29554 9.72034
20.09219 19.29761
14.09706 5.29309
35.59696 19.19204
23.88486 8.58852
22.32022 18.70700
7.13756 7.71844
16.16172 6.88141
35.98486 17.01504
24.97875 6.36866
14.58072 15.01322
37.93691 7.89173
14.32717 9.01236
17.46221 9.74837
32.27568 8.56879
4.43745 7.51352
3.40570 14.00930
8.61649 7.05524
3.62135 6.75452
36.51404 9.23201
24.01091 6.04720
23.08471 18.33813
14.75174 7.07047
20.45813 9.46749
20.76306 18.63591
1.71631 13.76821
14.71248 7.62781
35.26411 15.47427
14.87450 14.72657
17.56123 19.07879
35.89495 12.70680
7.05813 13.16158
35.80201 16.81758
25.33925 16.62301
6.91448 13.41122
6.08888 7.31230
25.16950 15.83075
15.27281 8.17281
36.79158 10.30305
34.56328 17.63147
2.76808 7.45327
25.66505 6.93203
19.85806 10.45034
37.74115 8.97634
5.25994 7.49360
20.69863 18.66038
19.52867 19.00712
32.81490 9.03997
5.12532 7.26832
4.82186 12.93177
37.92481 15.95755
15.62263 16.21549
6.61240 7.18238
25.15520 16.71838
34.33561 19.91692
14.96684 13.08497
4.57162 7.26713
13.37775 18.17572
37.19335 8.35092
16.02836 3.22719
15.55867 15.38235
24.48232 7.09700
25.69613 7.33952
35.34152 17.90610
14.43567 13.20878
18.65876 10.12245
25.43354 8.14124
25.27473 6.31721
14.07238 13.88382
17.40357 19.09297
25.37933 15.57182
3.42077 13.72462
14.55970 8.80163
23.56316 8.79031
33.89567 15.59334
1.71947 12.78107
25.62232 15.01354
7.28324 6.19076
15.53819 17.54663
17.65045 18.88954
19.60314 19.03230
25.01589 7.37952
34.94954 11.26586
14.00031 2.56508
21.05611 9.48130
14.89717 5.16914
24.23975 7.57066
18.36751 11.18190
26.25438 7.35747
25.39862 8.64928
17.60476 18.84692
21.06018 9.99634
24.44513 16.36503
35.61287 8.79756
20.46072 10.77779
4.28797 6.14683
6.91515 13.03554
25.28670 15.56146
35.02970 17.94294
4.33196 7.22430
6.93029 12.85749
18.82137 19.59894
8.59079 12.66697
18.41491 9.67546
24.14406 7.54730
20.69971 18.78797
18.79362 20.16429
23.39917 15.17846
25.12753 16.65310
3.74861 12.38964
25.46696 7.13097
25.06758 6.16376
34.93693 13.55851
15.28145 14.04627
21.49064 19.42756
14.53748 10.81217
15.04939 10.67387
5.06848 7.53283
25.64792 6.14831
4.80726 7.52911
38.22069 18.76931
14.69742 15.14927
4.04921 13.00289
25.65014 7.14379
6.32148 8.23383
6.19282 13.29860
25.81385 16.05444
14.91932 7.97390
5.08013 7.61258
24.86319 7.05238
24.92344 6.53291
32.17313 11.18452
14.69073 8.29750
6.66130 12.59167
18.59293 19.51807
4.24848 7.03297
23.52123 8.10128
5.79257 6.59203
35.78308 10.38297
25.76076 7.26992
25.26619 16.39061
17.90794 19.55019
32.85402 9.30004
2.22109 7.87977
7.86000 6.15923
3.19679 6.80823
21.04195 18.27292
8.14980 6.90484
23.98709 6.67359
2.45897 13.74968
33.41190 16.24289
15.85840 10.63606
24.17385 16.57080
34.47999 8.97029
14.60239 14.41524
18.24539 17.65070
16.02845 6.66730
25.72216 16.12888
25.19573 15.48595
25.07443 15.54174
22.03833 9.90662
18.90489 11.02108
24.16686 6.49235
34.88449 16.03912
14.75433 4.70871
36.18352 9.53545
15.38471 9.45487
33.65015 21.26254
24.45492 7.22207
24.78832 7.65652
4.79893 5.74110
18.04762 19.18441
24.48606 8.18623
35.83869 9.42472
23.64688 15.62269
24.89818 15.57885
24.98890 16.53508
5.26874 12.67328
3.20072 6.19406
7.77273 12.35365
4.91294 6.05060
20.21346 19.11347
15.70371 5.62607
36.28711 12.59675
6.01363 6.89992
6.75956 12.78979
6.26521 8.13936
20.66358 18.92066
15.14351 9.50071
5.34329 6.66970
36.54759 9.39052
25.48706 15.51435
17.45815 9.81058
14.71854 14.20237
23.84557 7.76327
33.29376 11.56893
25.21203 5.50376
23.76538 16.83736
25.57544 17.57695
22.40771 10.67811
6.08842 6.55819
25.17957 7.82774
19.34063 9.87622
4.12728 5.59799
19.23612 9.74547
36.63177 12.19799
36.78787 14.94020
22.11265 10.10044
3.36664 12.46360
14.68141 5.97675
33.42091 9.50700
15.10109 3.18606
36.24582 10.55522
24.95553 6.82361
5.20166 13.32184
34.67865 17.67740
5.24272 12.54412
24.51207 15.81285
36.07742 9.16928
22.77910 10.60663
4.32018 13.33465
5.28003 7.74289
6.20589 7.80010
20.96035 19.02282
5.73434 13.12152
32.74833 15.79080
35.46852 9.07353
15.31738 10.63243
22.87360 9.18127
36.94686 16.48976
33.11249 11.11041
20.06823 10.05718
6.68936 13.49053
24.96117 7.36602
15.91010 9.52624
21.62431 19.23098
25.03162 6.11512
14.49256 5.50862
35.45057 14.67625
16.18584 4.06422
33.99556 15.86110
24.61858 16.85923
36.81229 15.64223
20.98934 18.42330
34.52583 14.15079
7.40976 13.25585
4.96532 12.45138
14.39325 3.44948
18.44706 10.83345
19.61145 10.22580
25.05679 16.10196
24.87556 5.62345
19.94871 10.40627
15.88554 10.24425
19.34189 9.79930
15.19350 7.09988
19.59387 18.60273
20.89783 9.83721
15.42584 3.10703
20.62370 10.02695
15.06583 15.94870
20.70647 9.71022
21.74263 18.90543
14.99382 5.74053
4.97660 6.53041
2.77456 13.33324
18.15088 18.70753
15.80233 4.10061
24.26751 7.41828
22.50873 6.40420
35.06965 20.52698
25.74490 6.61223
5.51995 13.33420
19.22585 9.72284
19.16945 20.02818
1.74108 13.86952
36.38656 9.96780
3.63249 13.37536
33.39022 15.75287
25.54068 8.64220
2.97193 6.59720
33.50362 18.53385
19.18674 9.92370
24.99041 7.24806
14.77788 3.61378
1.45747 12.26406
15.68082 8.21042
4.08409 13.92301
26.79124 14.94975
7.30402 7.56320
34.14567 19.11763
24.47569 16.06070
25.32580 6.49069
19.49857 18.79328
32.70692 9.02278
6.47055 6.94752
23.03045 9.24009
16.08769 10.18225
23.93490 16.18150
15.50002 15.82652
25.21820 7.25968
37.04733 17.81717
25.37156 9.28784
4.45742 12.15356
6.90801 12.18736
19.15368 10.26010
35.73626 12.12596
4.82736 7.29833
23.96085 7.12095
18.82212 18.28454
24.85889 16.71443
14.63548 7.61090
19.15757 19.59412
5.08815 13.64672
14.21467 16.02000
6.64827 5.61637
37.00131 17.90384
34.06930 14.64377
35.59119 16.50057
16.71630 3.77140
15.00282 9.00337
8.69257 12.15620
2.73897 11.47101
34.65479 18.00780
34.47718 9.02074
23.03241 9.69546
15.94073 19.20241
19.61022 9.58960
20.47215 19.28380
14.80111 5.99148
21.51817 10.12600
19.48120 9.56124
4.22475 6.66292
5.13964 12.88069
16.06547 13.29145
18.61599 19.60725
24.75542 7.19922
20.49677 18.80469
26.51078 15.52119
19.70371 10.75626
25.61051 15.16321
14.63587 18.47377
5.37289 8.20526
3.36711 6.96772
30.59577 17.40436
4.89580 12.74574
19.20095 18.85178
14.84875 5.70885
35.31065 16.56043
19.41894 9.84301
19.43381 18.90111
15.29772 7.38875
24.90579 7.95160
36.41448 15.52032
17.47648 10.33011
25.97509 5.64358
18.24128 19.19510
19.15836 9.45262
24.66996 16.19709
19.85892 9.73061
18.81415 18.72171
5.29566 6.59716
35.14285 17.90556
23.52422 6.89309
35.38096 14.83054
37.77349 10.35731
35.89548 19.69658
20.61899 9.69616
20.27062 10.10466
8.09533 7.39683
7.76521 7.85148
4.27319 6.49700
14.31174 1.74642
37.20618 17.25515
6.18159 7.24281
15.56919 13.00672
4.25216 14.08770
19.57574 9.88266
16.66972 3.24613
25.14736 15.39349
20.92802 9.12838
18.68820 18.23314
33.85193 10.70266
6.09460 6.94356
15.75658 14.00941
4.21032 13.44584
13.53227 15.17059
2.90029 6.29596
16.71285 9.94813
5.05494 12.58312
14.32364 7.52358
33.52767 8.70487
15.11287 5.89711
34.16423 14.09579
34.09087 10.76134
19.41922 10.64598
25.43204 7.03313
26.09128 6.85175
18.07833 19.25324
4.39165 6.68701
20.62362 18.31934
6.01710 6.76184
15.39506 13.89381
35.42931 9.83382
21.44967 18.12875
24.95069 16.80141
24.43994 15.55270
23.81198 6.33592
25.14338 6.69247
25.25873 16.10697
6.08398 6.92159
6.21051 7.61233
13.59380 13.52464
14.86228 7.31691
21.98772 19.74590
25.50724 7.49167
20.78259 18.22748
35.89293 10.62818
7.52439 12.88257
35.88773 16.80423
21.25686 19.16787
19.93330 9.92992
25.28520 6.95128
33.10394 17.94119
24.63646 6.39638
20.59438 9.75977
13.88937 14.89225
20.19267 19.05605
14.57536 17.78608
13.62979 6.07318
33.22581 19.75112
21.70636 19.04525
35.43862 17.22364
15.09662 15.45300
6.80514 6.54808
33.10608 16.27744
15.11855 10.30263
24.88944 15.58357
22.19452 19.08227
2.70752 8.17562
25.50293 17.17001
24.72648 15.92348
4.94241 13.75659
4.56129 6.47690
33.48163 15.07543
33.50646 9.03747
3.53378 8.42316
15.59289 15.25440
25.21401 16.87684
14.22150 17.09516
20.47842 10.65254
18.97186 9.70795
13.82281 8.65153
24.58591 16.13036
19.47772 9.78218
15.46233 12.30294
4.19015 6.82745
34.47352 18.87566
6.11445 11.62532
25.38693 5.98362
15.30699 5.94086
25.92112 16.88071
15.78420 13.58881
33.71925 10.39826
33.82800 8.20480
19.29732 10.08994
21.72527 9.81337
20.42538 18.45641
25.04996 16.65555
23.70260 7.76403
19.43295 10.21355
25.53050 14.83249
22.49617 18.95193
34.21030 6.76457
6.19107 7.26198
3.90698 7.39915
19.34341 19.06724
6.75109 13.82445
4.31234 6.65979
35.14101 14.92370
15.11763 9.28471
35.59838 11.76635
6.11452 7.09121
24.40109 16.97884
14.12320 6.54955
24.26171 7.36614
24.97363 16.36507
18.57080 18.84692
24.01311 15.56729
14.50298 14.13812
14.31709 6.66239
36.61498 9.55242
25.76399 16.32519
25.86172 5.68075
21.42739 10.60464
24.90232 7.53707
25.18231 15.31981
14.59007 17.03297
25.15715 15.87333
14.71350 10.53412
24.73137 15.69824
32.75462 9.67959
36.39708 10.36425
37.45439 18.83921
23.86072 7.09544
19.63020 18.77089
4.48689 7.41403
36.25809 10.24426
6.23628 13.96661
24.41383 7.03783
4.25885 7.20129
35.89112 8.37876
24.86068 7.09348
24.58116 7.30064
20.98080 9.74238
6.39689 7.11720
19.39779 10.50975
35.05759 9.73511
23.86836 8.08971
24.66561 8.80284
36.80468 9.71804
24.25356 6.53015
22.70297 10.58953
24.48149 6.47129
3.79519 13.29297
20.35869 18.98275
14.65692 13.98482
19.79777 19.19950
25.73276 16.13213
5.99963 6.94231
36.89414 16.42720
26.41850 7.18753
33.69248 17.95676
25.22943 7.01110
34.36388 19.48755
23.92736 9.82684
20.66544 19.93206
17.94121 19.23899
25.43263 16.46181
14.92645 12.88158
14.69472 14.50630
1.39852 12.99514
15.87733 16.88225
18.71165 9.33056
14.85390 13.55337
34.75619 9.85000
5.99332 7.70192
3.36684 6.19477
1.95094 6.50307
17.23068 14.69724
25.87759 17.69000
3.69993 7.07014
16.16156 12.00088
4.56002 6.72536
23.17908 10.14605
4.56041 13.44023
25.52308 17.14577
15.85388 15.06734
20.56474 10.63875
35.51056 10.20573
7.11190 6.29259
34.63167 7.73124
24.00371 7.41948
17.52061 10.98286
15.48555 11.45793
15.08932 14.64104
5.80247 13.62563
15.20293 15.06716
24.91991 15.60914
36.39994 16.94825
24.81772 14.88556
5.73124 13.88167
34.73681 8.25746
24.33701 17.40437
5.96765 13.36679
24.94176 15.78657
19.98275 10.29862
24.77899 15.64566
14.72528 8.55390
17.98429 9.91748
32.41374 15.39378
25.08856 14.64500
36.49785 15.13976
21.82564 19.54915
15.42543 13.87216
34.76969 9.13790
16.11174 8.53191
24.41074 6.54363
22.32142 9.70254
15.82776 15.54010
3.23133 12.46209
16.17954 16.51140
25.31480 16.28802
14.42637 15.70849
20.43565 10.05194
33.65484 10.68781
15.70117 7.51652
34.16830 8.25768
35.48365 8.80087
25.17593 8.59441
24.42400 6.51731
4.69786 13.13537
24.11551 6.94264
18.64231 17.85111
35.99520 15.10523
16.02334 14.22601
20.67631 9.65047
26.54145 7.47343
15.80397 7.15019
3.12748 6.66621
34.54703 16.69160
17.56251 10.12463
15.54809 8.01195
15.07731 14.12382
33.68140 16.88311
20.53117 9.72565
20.15850 9.63554
33.89066 16.43220
35.63234 16.09925
32.83578 17.71997
18.13978 9.99646
31.12942 17.70901
6.35689 7.19645
15.31791 6.52746
16.44387 9.80461
4.93801 13.78979
36.56966 8.57056
20.31486 19.37676
4.78979 7.03430
14.50465 14.57214
17.62304 9.26817
8.10591 12.69508
6.41717 14.31807
5.22361 13.02398
35.19718 12.36135
6.24172 12.60066
24.33322 14.92540
26.12072 6.53091
2.81534 6.18676
35.46472 16.20323
13.32807 7.08004
4.46470 12.64356
6.07472 12.88482
21.77578 9.83151
25.68096 5.86325
21.34794 9.97105
25.04432 8.06694
18.89561 9.36588
6.50732 6.52564
35.19869 11.09684
25.23504 6.30753
14.79410 16.84068
36.48730 9.28979
15.36021 15.81726
14.20319 11.50596
34.17698 14.37905
18.34804 9.98124
23.15449 8.09196
15.51778 3.34389
19.81917 10.29320
14.86813 4.46501
33.31999 17.27014
25.51529 7.44109
33.99318 16.61028
36.90799 17.67404
24.47995 14.88283
14.47164 5.55415
4.15411 7.68139
24.62067 6.96423
14.47477 14.52908
21.31653 10.55006
14.94628 11.77349
24.75543 10.07662
13.56582 14.17185
16.34762 6.34124
24.74108 15.77595
13.86951 5.66800
13.80677 5.06842
4.44867 6.52160
24.59210 15.84610
5.53611 12.73609
3.06096 13.55676
24.13751 18.88861
7.43402 13.55117
5.78024 13.06720
6.44568 6.43128
26.42186 15.00205
17.32689 19.48101
4.45622 7.11138
32.83840 9.61447
13.88760 6.60063
13.95475 4.95483
35.28140 16.72508
36.45738 18.28523
33.50017 11.18306
5.69666 6.68396
4.04713 12.88153
24.74444 8.05305
15.06392 10.81585
15.42399 13.97623
14.92895 5.49625
22.22502 18.40645
25.79264 15.38303
5.92685 7.22310
5.75645 7.43266
35.57819 18.64744
14.43359 17.11171
20.34422 19.07197
14.17042 12.41648
2.91890 12.53033
25.53421 6.70705
5.24270 6.90500
14.37988 11.73941
19.11522 9.89745
33.49693 19.30226
5.44826 12.41901
32.35101 14.67713
25.86273 7.93947
25.46214 16.46651
33.90560 17.56285
14.70024 7.77047
14.25773 19.09588
14.28366 6.94734
23.65957 14.32147
34.82882 8.74645
25.87115 16.25370
4.19422 7.81009
14.47733 16.87158
19.15532 19.61055
36.42597 13.66046
24.36154 8.01855
5.93352 13.97303
6.69606 7.10599
20.06696 17.97168
5.11827 7.77812
5.03273 7.18819
24.56528 7.82085
34.71948 11.74058
34.72642 10.94388
19.92627 19.48606
24.99184 7.13002
15.37121 11.23478
17.46975 18.43207
5.35584 6.57546
34.43230 9.92341
25.91985 16.87046
3.43802 6.42281
34.89800 17.28530
15.30051 12.05745
36.36280 20.70363
37.41333 17.49634
36.55502 16.06630
5.30439 6.88609
15.95924 14.51516
14.71922 16.81376
25.99690 7.11605
14.70177 15.30003
18.05844 19.01004
34.93106 11.49225
13.41762 15.31851
35.48358 10.89303
35.88011 10.61751
35.39395 18.67518
15.90049 3.39458
5.62778 7.02932
6.34545 13.65932
25.05170 8.28527
6.31085 13.34974
6.26308 14.19277
6.70598 7.48635
19.23846 19.20868
20.57093 19.04119
33.27407 9.85066
5.11668 8.32607
23.79792 6.97019
25.71962 8.22308
4.76043 6.79796
5.94977 7.00262
14.87164 14.22642
20.06599 18.17825
36.78150 18.28089
35.78666 15.58747
25.36953 15.47792
23.74165 15.87507
19.60037 9.50011
8.80314 13.36132
34.86300 15.71949
25.09784 15.94009
7.07495 7.27819
24.84909 16.91650
37.48730 10.73473
13.59650 12.06630
14.45608 8.91318
7.45421 12.33993
15.37103 7.84838
36.04832 10.36266
35.74029 17.11527
20.02142 10.10908
17.46075 9.32995
4.59330 7.60323
19.94813 9.97624
19.84281 9.41771
7.75808 6.89364
25.73421 15.65780
15.27345 5.96120
20.65303 18.92018
5.86461 6.59984
33.19059 17.91376
34.10318 10.56428
20.48822 18.35765
13.79737 14.96918
24.30246 16.70605
18.27654 9.88115
19.07166 19.31577
20.64187 9.77545
23.73332 7.58581
34.77697 15.83414
34.93882 11.20395
4.90536 12.73016
15.90803 12.90562
17.35718 9.73452
25.03680 7.33557
25.16105 16.47632
1.84983 6.55407
24.98810 5.88461
14.53299 9.51601
24.48925 16.69094
25.56295 5.90155
25.29363 7.14854
19.44963 19.16077
26.19123 6.94514
14.70994 14.18866
5.38531 7.07268
15.24792 6.89423
14.60493 6.29035
19.25966 9.80750
6.72442 12.42980
5.32677 13.61979
20.89744 19.08862
34.05758 14.66385
33.12440 9.69157
25.14555 15.04320
14.62883 6.06254
23.94738 15.98963
14.30281 4.38544
7.65956 5.83841
14.90771 4.89633
4.61748 8.14089
20.10658 10.11326
7.37498 6.20544
26.67212 7.75529
34.92655 8.78604
14.32107 10.84030
4.62193 11.66856
4.51314 12.54561
19.25677 19.46448
20.93063 10.07280
24.37297 7.83322
37.03978 16.15300
13.87432 7.10213
25.99391 6.53798
15.24423 14.22328
20.32602 19.78519
24.94383 6.96820
17.92109 18.31777
23.70328 18.75414
14.21818 15.63427
20.63271 10.02546
34.98767 15.89162
15.81551 15.24507
5.73626 7.12866
35.30575 9.69601
36.76056 9.56445
35.95549 10.33580
36.11091 19.68035
32.84487 8.88607
20.39112 9.89587
6.47499 8.16775
21.29175 9.54970
36.47824 17.39731
36.73633 11.03352
34.78906 16.99223
14.23652 13.55385
33.99839 17.12829
35.36563 16.53572
6.15976 12.86413
25.59423 16.72232
35.55765 16.45746
25.07652 16.43482
20.43889 19.58752
25.45536 7.36241
15.81418 8.61347
15.79182 6.16305
21.23433 19.19263
4.54938 13.95326
15.63383 20.16384
15.64846 8.50164
14.55715 11.42702
25.66261 6.69132
25.06739 6.94103
7.07863 13.37947
15.58699 15.70007
36.27368 10.27411
34.54464 18.49592
1.23519 6.67762
35.18038 18.00851
14.82853 19.54961
18.38626 9.50829
25.47040 16.83302
33.78270 8.25647
18.67156 9.86799
14.27801 10.15424
5.62187 6.93298
3.85386 7.09896
25.38833 16.61324
21.11026 9.78191
14.13913 15.62478
35.20509 18.72573
20.05337 10.18767
23.32548 19.99626
26.55130 7.17824
25.04113 7.03425
20.05478 10.75697
15.87244 13.70279
19.16997 10.04451
23.73456 9.30062
20.01153 9.57731
16.90023 20.11382
19.93352 10.12053
14.21674 6.64445
26.70841 15.91979
6.56002 6.45500
15.03139 8.01154
34.46406 11.04044
14.89457 18.66630
15.27075 5.59959
19.21935 10.27061
6.70285 6.23205
23.91716 6.57002
8.13831 13.41829
4.18533 7.26188
17.76180 10.37542
37.51121 19.49036
14.43104 8.71623
20.47139 18.30878
19.21819 10.70934
15.58441 6.12387
18.80944 19.23616
18.78371 19.36266
24.77643 8.03606
25.73658 6.82937
34.60659 17.56016
20.56269 18.71298
2.24928 12.89339
25.46971 15.41238
14.31030 13.07030
36.19281 17.54875
21.06383 10.13017
25.06183 6.32096
4.90632 13.40494
20.30424 10.45277
5.80224 12.28907
20.67195 9.86838
36.07733 9.49263
17.50135 19.13903
20.79687 19.01587
33.54953 18.29633
18.83044 19.70008
18.37078 18.67232
34.42464 10.90519
14.65613 13.74109
16.05623 14.37191
33.42245 10.44012
24.01489 16.03706
4.13734 13.84803
19.43905 18.57718
5.94276 13.36836
14.30511 16.48525
33.36950 10.45117
20.41416 10.23901
20.47600 19.15766
24.47064 15.77955
24.43055 6.63116
36.75588 9.97051
15.30752 15.56520
20.99107 9.12542
34.87002 9.35581
13.98880 7.00358
3.65437 12.98654
15.51133 14.69468
20.57557 19.46847
25.65599 16.54511
15.47568 13.59668
35.64826 16.26860
15.42573 15.27439
15.28817 6.72165
31.63353 9.94901
18.51937 9.24567
24.46049 15.93992
24.36696 15.27034
26.04564 14.88894
19.64982 9.62358
4.14437 12.92848
14.66240 15.29521
13.62566 13.98356
24.81039 15.32878
4.81068 6.50476
34.98688 19.49188
4.82212 13.14304
21.78466 19.54672
6.49504 13.35845
15.49000 11.11940
20.81877 9.97073
15.02062 12.04985
24.72846 14.93796
20.55690 10.08545
5.33066 8.36807
36.69934 16.00408
25.17255 14.56540
5.32392 7.33377
3.62826 12.97222
25.38571 15.19137
34.30346 11.28372
19.95317 18.64947
25.48791 16.46240
21.99130 19.93383
36.33947 15.51232
18.34099 19.68019
14.58872 13.95421
14.76191 16.52938
19.59717 17.93595
35.39578 18.20099
17.26914 19.31470
36.40784 7.98375
26.03734 8.54277
35.69345 8.69837
5.65188 6.62440
32.98215 11.01490
37.60634 15.35818
14.97629 8.32023
24.69964 7.53715
5.13929 13.52698
18.62381 18.60562
24.55344 16.62431
25.68793 8.01815
14.36400 4.72568
33.21764 16.55789
14.10491 18.13144
23.22049 16.44986
8.28484 14.19843
14.16616 15.76892
20.05970 10.73989
35.20102 9.88743
25.02355 7.05563
19.09247 19.78034
21.27219 9.20230
21.63277 9.93103
24.80641 7.65022
20.69673 18.78066
5.10004 13.04476
4.96175 8.84206
35.59604 16.09770
15.07421 12.22126
20.18312 9.43616
34.02542 11.81081
4.82216 12.70428
15.53524 12.08390
35.06703 17.98754
32.81003 16.95228
34.13069 17.77519
5.71050 6.10757
34.75896 16.62836
25.42571 16.49285
24.65356 6.88480
21.66406 9.98875
3.68088 14.62063
6.67870 13.95357
3.25221 7.30280
20.91223 10.75421
34.68769 11.32529
24.09681 16.61251
24.88007 6.42069
25.16534 16.47249
22.80779 19.51280
25.72599 16.68123
16.05459 11.16056
34.62113 10.11054
33.79444 18.47027
15.13407 15.82354
22.01154 19.03435
2.60495 13.21748
34.53442 16.20449
20.95344 18.91215
1.74051 13.97859
15.07988 8.71804
3.47216 12.98964
4.51560 8.61244
15.55636 9.14823
14.89989 15.34140
22.13983 19.24967
5.75230 12.41317
21.27029 18.68839
37.78296 9.88846
14.71176 15.10510
17.46669 18.92822
33.63343 16.56495
19.97486 10.61518
23.95108 5.56035
4.56276 11.93868
15.77995 14.28669
15.61418 10.58477
5.02186 12.57573
35.44105 18.69813
25.22300 7.71753
24.88810 7.71508
15.01290 8.20792
25.56917 14.83787
25.54354 16.61688
15.54899 5.53424
14.86806 17.11734
24.35958 17.99122
20.28321 9.75973
18.71180 10.62964
25.48514 15.83823
33.24743 9.51428
15.35755 13.51158
23.92147 6.02110
25.16880 7.24149
14.97922 2.89746
25.22225 15.65026
36.39705 15.90747
4.03121 12.71437
19.95639 9.31036
21.02757 18.80722
5.82535 13.28065
16.96154 13.30172
24.45695 16.25946
4.34314 7.10403
34.33815 10.96914
24.83392 8.11858
18.68715 9.96040
14.87559 14.97874
4.16143 7.96104
20.34653 9.59057
34.20027 13.61783
4.32150 7.36393
15.88306 10.34227
24.45833 15.20885
4.93346 12.50857
25.35563 7.70912
5.70189 6.19617
20.27010 9.49529
6.06800 7.85697
4.86232 13.61142
33.03300 9.83835
6.57940 6.13562
4.75776 12.81103
7.08870 7.50813
21.53743 10.81920
34.66010 18.48090
2.62410 6.78686
13.66532 16.77975
14.32098 3.51359
35.17434 16.89573
18.60970 10.51229
35.56311 10.27329
3.91010 13.05120
4.40921 12.51183
19.81968 18.96293
4.75947 7.85923
24.29156 7.08854
19.62578 9.77990
7.29894 12.95445
38.15958 10.32538
19.86178 18.73091
19.20485 19.32169
24.41452 7.32674
26.15949 15.53012
4.19416 12.03535
31.77940 9.44473
14.57618 5.04381
35.72562 11.62174
16.61837 19.25280
25.29719 7.53386
33.69428 9.64408
35.84164 11.43622
4.77315 7.63884
21.65091 18.84827
16.89466 18.52888
37.19152 16.28046
15.69721 17.63873
15.49274 8.55191
24.56977 15.88605
15.49524 11.75063
24.82485 16.17435
20.50765 19.69007
4.89691 14.00763
25.39889 7.66628
34.76576 19.53100
4.28796 6.33910
5.08861 7.24925
17.14302 15.01870
25.00463 16.51699
15.14986 6.32594
24.33154 7.07692
4.48991 13.26445
2.30090 12.16281
14.93655 14.31940
33.35456 9.51715
19.31399 18.62463
36.77878 9.57968
20.13421 19.27653
25.34587 16.54388
35.57758 9.32688
19.99821 9.89792
15.15224 5.34611
18.19227 18.57382
35.63099 8.96942
19.93522 18.58977
14.20016 15.94511
7.25539 13.31474
24.63481 6.65938
20.78926 10.86811
35.36937 16.66748
33.40568 15.66822
34.68045 9.71352
19.76980 18.96313
26.40508 16.52189
25.91554 17.42521
20.79961 9.95981
16.54117 14.77963
36.39520 16.49647
34.51924 9.23334
6.91542 12.40408
14.68933 3.30181
4.83208 6.94272
15.28799 12.53255
16.67875 9.38220
34.84788 16.29711
6.50938 6.70993
24.38204 6.13237
13.67976 17.52227
18.50264 10.23583
25.25938 6.93836
19.97782 10.58789
20.36400 19.20575
6.89237 7.15594
25.83063 16.68919
22.07828 18.59897
25.00802 8.56183
19.46994 9.39909
34.42547 16.80692
5.57870 7.57131
15.22438 4.10495
39.22979 11.05287
14.57529 12.57800
15.02021 14.50926
34.62511 16.47766
24.90919 7.23950
3.62813 11.62945
19.99502 18.50574
35.50870 9.38317
22.60873 18.90941
34.53412 19.94242
4.60615 7.37968
5.55968 7.88974
34.81965 12.12725
35.02974 10.63153
20.90957 9.95596
35.55650 16.60783
20.99861 19.30215
3.76447 13.05728
22.88751 10.87249
5.60964 12.66082
36.54641 8.82471
16.30893 6.46622
3.45289 13.39505
16.59584 6.17561
36.95218 9.94699
20.34127 9.94055
5.31165 6.97513
34.77353 9.07861
5.16159 7.24573
24.64457 16.41413
25.23752 7.86364
5.40288 7.05807
19.55247 9.66506
24.29045 15.43235
6.31581 13.92712
4.44738 6.29733
25.16293 7.32237
20.17076 9.84893
33.65943 10.94052
15.14551 14.89864
6.05344 13.65505
25.34601 5.55895
17.21507 9.93209
15.91584 9.88091
13.90184 8.33053
16.78900 4.81847
19.33252 9.81411
35.00291 10.59048
3.28973 7.91972
5.53028 6.97861
25.94494 7.84169
15.42943 20.58489
36.47973 8.18859
24.61090 16.91159
5.10367 6.58762
18.26966 10.05360
21.33466 8.98319
5.61187 7.32013
20.37296 19.04446
19.08395 10.27906
24.97543 15.10018
4.22845 6.09887
18.16038 9.03833
15.28338 16.08311
8.30970 14.68964
5.52587 5.93189
19.82984 9.90075
14.22467 17.73517
6.30972 6.90447
15.21320 17.39958
9.67291 6.66188
35.55037 16.63951
20.99295 9.63713
25.39434 7.49087
18.90016 18.73572
15.82773 13.42097
33.90109 19.06934
26.49651 16.13899
14.56615 16.46176
16.32822 16.32748
4.80028 7.70272
20.14631 19.26734
4.76083 13.71012
15.50437 10.10730
33.38159 15.21550
23.85633 6.51621
23.85543 16.46716
25.38101 7.38467
32.64331 16.71814
20.95467 9.32895
25.10602 6.52681
3.46376 7.01907
14.64853 2.85117
24.31620 15.56962
32.20947 10.00815
18.71569 18.33722
14.87311 11.89918
14.57729 6.40555
7.30371 11.94027
24.22206 16.28513
6.52881 13.19048
15.97717 4.88940
4.73327 12.73187
6.67797 6.61483
25.52785 15.77531
32.26705 16.21946
5.26683 13.11750
17.88977 19.47839
15.75094 14.90900
25.32687 7.02785
24.55488 16.19602
15.43983 7.05395
34.01156 15.25874
6.65337 7.09077
34.33627 18.64548
14.97229 16.48655
24.95322 15.85437
35.92384 10.97203
33.80552 19.31406
20.81407 19.40625
22.96128 18.54317
26.08054 7.72504
20.31640 19.55640
21.22898 18.31789
5.96210 6.84562
14.62874 14.86844
25.64101 16.47300
5.32953 6.93230
24.77608 7.73666
19.07747 19.79001
15.09228 13.69424
14.09031 18.72964
18.64722 18.56484
35.06168 11.11689
36.12332 10.04439
34.92369 10.53287
23.44586 10.03172
34.51966 9.37731
35.79736 9.59609
32.85965 9.49015
14.28851 6.15366
19.68784 18.49916
6.01977 7.27478
24.54739 16.21629
24.83605 17.13695
33.30492 17.94863
21.28493 8.89865
4.57701 7.39122
3.53590 7.55314
3.71490 12.76810
14.71938 3.46663
31.58875 10.74477
14.62803 13.80705
34.87672 15.97050
14.72956 9.99337
24.71864 15.80703
25.60690 6.31589
25.89524 7.79226
4.31702 12.54180
3.83100 7.62628
8.56180 6.83115
14.89519 17.02779
34.67105 15.60558
34.59801 10.42962
13.73011 3.93667
4.52377 8.73205
35.13329 16.65379
5.71479 12.33704
37.44180 9.53652
24.95161 7.48535
24.80803 18.77303
16.48982 16.34461
35.24227 17.27345
4.48103 6.62210
4.56237 7.26295
36.26144 10.79828
33.26911 17.02049
35.44044 18.54261
16.12048 19.38715
19.87755 10.21967
36.72703 16.24990
14.92778 16.24968
24.47616 15.18536
24.94545 6.92478
36.74177 18.35717
25.24505 16.43276
14.08523 13.55543
24.97159 16.50867
14.60775 7.92768
33.74653 11.07479
2.93052 6.56620
18.55754 18.95971
23.86186 6.31793
5.20782 12.48554
32.24542 17.00920
17.75434 19.41979
25.78872 15.34363
38.05445 9.61066
15.03612 7.88574
6.40013 12.62037
25.05629 15.15140
22.15120 18.08167
15.65814 15.44876
34.40075 8.86716
4.22647 5.88435
34.11831 18.41154
6.07490 7.22640
4.36929 12.11515
15.33293 7.15524
15.75161 7.96221
24.62513 16.16554
13.74485 8.64247
15.99981 13.71262
15.25897 6.65661
19.27628 9.36779
36.05401 16.85924
36.35437 10.48798
17.76739 18.97835
7.03753 6.78449
35.39720 15.68592
19.70347 9.18151
17.38944 19.12309
34.37605 17.09452
24.40017 7.15112
25.61193 6.30673
18.23662 9.73517
18.44588 9.98472
21.62095 9.58893
5.37637 12.74138
4.76310 12.53772
24.33121 7.18964
1.85493 6.82092
23.41407 16.11186
16.54010 9.63382
35.04450 8.77125
20.90995 9.47868
36.22004 8.70526
3.88428 7.12935
20.28371 10.13932
25.02953 7.70644
36.76718 15.72670
21.23527 9.33150
19.15221 9.69165
22.51137 10.41891
15.43132 16.20236
35.88464 11.36068
36.12292 10.15521
32.27017 10.69015
4.81384 7.81183
5.28669 12.06243
6.64332 13.23191
25.25356 16.30594
14.41533 4.71922
2.54558 7.11641
4.53860 13.49253
24.21846 15.29320
25.29194 7.10160
14.92288 14.00216
14.36827 3.75142
5.59894 12.61298
35.10160 9.72928
15.80166 15.37242
16.20608 9.79123
23.24275 7.12243
35.96311 9.26601
15.30194 9.83789
37.94972 16.44199
14.83291 7.02065
14.12347 8.75848
24.62142 7.63010
24.97021 14.62064
14.16734 16.19143
35.14574 20.71050
4.45549 12.66977
25.63869 15.09787
37.42461 11.02195
26.11752 15.03078
19.32604 19.53828
2.30485 13.06138
13.83514 15.93231
24.67485 16.49253
25.36073 15.44675
34.07025 10.76650
14.32038 8.08263
35.53099 9.64372
18.19050 18.95303
21.42249 10.84125
24.52293 15.72526
15.12175 15.53596
33.30835 10.90460
14.61302 7.78325
24.38335 6.68529
24.15188 7.69653
8.55217 12.43157
15.32591 6.88816
14.34755 16.72371
14.41297 4.91614
7.67339 8.11783
14.32546 14.64537
17.36090 19.10267
26.45637 15.06203
24.18150 6.23174
5.86058 7.35785
35.66722 10.66547
6.82756 7.51821
13.85108 18.15603
20.91173 19.05173
16.22336 13.33513
5.59342 7.82335
25.00745 7.48457
37.74454 8.59638
3.11955 14.11017
16.30207 7.01650
14.18955 16.36463
19.88939 19.00845
25.47601 18.14895
15.83097 8.36772
24.90179 7.98354
4.62341 12.66433
34.73779 10.23436
24.20786 15.28855
24.35695 7.35600
25.83199 16.90183
6.29934 12.41531
15.08764 17.27421
16.30704 16.79517
26.46950 14.64214
6.95245 6.22491
23.31583 8.58549
15.05639 5.80965
22.47778 6.02587
25.40785 17.19269
23.34464 15.42639
15.43976 19.93425
21.88009 19.86385
15.58236 6.23570
37.38423 10.85544
25.26695 15.46723
21.12377 10.20077
9.04497 13.27628
5.56204 12.58818
24.56570 15.71712
24.78554 6.66834
14.83722 18.48082
15.42023 13.23652
36.69123 14.81663
21.26633 10.22025
14.52568 9.87774
14.57232 6.85153
14.42517 13.19795
25.13989 6.09175
20.52541 9.46098
15.58888 7.35068
18.37457 11.17809
3.61363 12.78362
1.76263 7.28426
15.88561 14.39370
21.51961 18.43727
15.72865 6.18602
25.74973 16.61581
18.70249 19.49193
14.30694 14.35005
7.07130 12.97151
20.33256 18.81278
26.03705 16.12576
25.11647 15.17042
6.29421 13.73662
21.79260 9.19903
18.97369 9.52203
13.93713 4.47801
25.69390 6.98627
14.28584 13.55546
25.28103 7.46735
15.82777 12.53255
21.39536 9.17707
23.28719 15.64725
24.90280 15.35231
35.26282 9.89873
5.52634 12.51571
6.24013 13.06316
22.38364 18.28327
34.61038 15.87217
35.30498 15.02584
27.02337 6.80867
14.90671 7.25642
16.01798 15.15296
18.34069 9.73492
25.07084 15.38702
19.98492 10.77561
5.99836 13.91832
25.97662 16.92552
14.87235 16.43379
14.89259 7.76489
14.06277 6.95027
18.42198 9.81779
19.12627 19.13847
15.31019 15.62857
20.13758 19.32884
37.51466 16.59895
20.48006 19.61987
25.31390 7.57232
14.25989 6.29010
5.57363 7.91900
35.39469 8.67317
19.49610 17.83446
4.94121 7.14802
25.38943 16.46047
26.72557 7.08506
24.64805 7.71692
14.91904 16.05406
20.24726 9.56664
31.95428 16.63108
14.96557 16.67056
4.51835 12.89393
34.14083 10.13938
15.01633 14.93335
23.27029 19.20832
24.01579 15.48595
14.24452 6.56296
20.21550 10.83532
36.09030 9.32423
4.99244 11.54212
35.50003 17.66210
4.53629 13.98035
16.10927 16.39490
18.39083 9.33367
15.82312 6.55413
6.31246 11.81436
4.61851 7.28631
2.70342 7.26136
23.90654 7.45567
14.77354 6.09958
34.66483 16.98703
16.58375 19.56715
13.81110 15.96638
26.32034 8.05431
15.11306 8.57870
5.67774 13.03144
24.41664 5.37930
2.91001 7.07703
7.05708 7.36807
31.15639 12.56887
5.45539 13.87975
15.12527 15.25713
20.86057 10.45193
3.64000 7.38465
14.20053 14.37213
21.02898 18.74890
13.86652 14.79487
4.85274 7.48632
15.96607 15.73516
18.16961 19.75397
24.24979 7.64056
18.81719 19.03012
24.32619 7.23310
20.27964 10.09093
15.79680 7.76967
35.86962 8.99713
18.02156 18.25437
15.27238 16.07670
34.95011 11.05683
24.36104 16.30909
5.98577 6.38697
4.32310 13.61179
18.91862 10.11538
25.00383 7.35539
36.57775 14.82641
15.65770 5.61936
4.67076 13.04354
15.11664 17.63471
36.56608 21.16663
9.20953 6.98565
15.08984 7.50039
35.18772 9.67915
3.05227 6.43142
34.96835 10.40265
19.11337 9.56598
6.37616 13.01267
34.19899 18.35169
7.65372 13.37686
33.14908 16.46780
34.84883 10.88329
15.36868 16.81429
37.37141 9.78294
7.17649 13.92991
2.77014 13.85912
4.44959 7.41569
24.59688 16.60058
33.70663 19.29061
18.40735 18.04417
7.95455 7.54082
15.96717 16.11017
15.51313 9.05137
7.46937 12.06815
25.25993 15.98244
20.22723 9.52869
33.23399 14.36830
14.48381 4.76567
24.06486 16.54011
34.21646 9.93682
15.00159 8.09972
15.52856 16.32268
19.78839 10.48022
15.41165 7.78762
13.30878 13.55864
15.45353 16.59316
4.55001 5.90581
4.71411 7.70311
21.39110 19.75278
24.59526 6.89829
36.22232 15.26895
35.87987 11.22804
13.54232 3.59799
33.18675 18.20153
25.52812 15.45267
15.89655 17.38800
24.47636 15.74502
37.44941 20.13740
34.92300 16.10827
14.98043 17.05102
34.93051 8.82221
18.07814 18.77540
3.32331 12.35697
7.22441 8.43270
24.94180 6.58740
24.30229 6.51398
19.42358 18.61180
4.19111 13.46561
25.83835 7.67178
14.19149 12.81517
6.76147 12.00479
15.55436 2.16051
34.15119 10.10488
17.52053 18.66015
35.60158 14.60250
21.06349 9.09650
20.74592 18.90902
31.47933 12.23240
14.67127 7.43517
21.47398 19.28921
24.49811 6.61080
14.62377 6.67786
20.22104 9.61361
14.78020 8.51285
34.60468 9.58468
26.21594 16.26271
24.38859 7.51405
38.54616 16.41585
19.49379 18.07182
14.49742 5.34064
34.70433 9.99841
25.00483 16.04996
21.20834 18.32305
3.77933 12.22780
14.84161 4.61005
19.38363 18.57975
19.51097 8.95590
15.30103 6.91300
34.27170 10.94955
14.62266 3.98415
23.91394 6.62186
21.90643 10.07714
13.62746 18.95723
18.83027 18.80773
33.77284 7.99106
18.01153 18.76878
21.88773 18.66281
34.21430 9.86757
25.97763 6.79302
18.12489 19.44120
19.56921 8.46724
19.19551 19.06028
34.63452 17.52109
14.51985 16.34122
24.68126 15.49677
14.60964 15.81677
20.95372 10.50682
35.88216 8.54220
14.80932 3.18804
33.83028 9.95240
6.17603 5.94418
25.29029 9.23113
34.46946 15.84807
6.29961 13.67678
14.28290 16.66970
32.36916 18.41203
20.07034 18.28230
34.45929 15.90684
37.47903 10.54288
25.03582 16.68474
24.10218 8.15131
19.40641 19.04982
4.44073 12.79685
18.71600 9.03483
20.29530 20.21283
3.91382 6.99082
23.54004 15.09538
15.06941 6.82298
18.53626 19.25191
14.49097 9.03599
34.67152 17.12610
36.31106 16.62252
14.76932 4.58884
37.48902 16.64824
15.31713 18.16471
15.76981 15.92535
14.87573 5.60550
15.46287 7.72815
7.00077 12.99482
15.04203 6.60117
5.42492 7.29690
24.78243 17.33629
2.67447 13.46898
33.65331 18.16950
35.11191 10.71332
24.61174 5.71798
6.60791 7.11768
20.66161 18.79151
14.73422 17.31540
20.41283 19.50136
4.68609 6.27786
34.63193 19.21913
5.64269 8.29627
17.58104 9.88509
25.74585 6.02810
5.87849 7.51310
15.99615 17.14273
21.39321 9.61579
3.85360 13.65306
14.77389 9.70723
35.62458 19.23582
5.47097 12.19898
19.11851 18.59608
35.64025 16.16237
6.32536 12.42936
5.14530 13.65523
16.22356 12.36160
19.07617 18.90403
14.98309 11.89202
5.21140 7.45970
6.00382 6.68631
33.24367 10.13926
15.07954 6.89185
35.82489 19.37013
36.49041 8.39796
4.49369 6.64520
21.55509 18.47940
14.57406 7.78535
26.07576 6.31413
15.17094 5.60507
24.98942 6.53212
15.32382 7.05763
19.30913 9.83353
15.62366 7.60434
25.64163 14.78150
20.61480 10.18364
18.66813 18.45069
14.70902 9.45840
34.78074 10.90096
20.37619 10.79594
25.77090 14.92649
19.38783 10.04363
27.05022 7.37635
25.21040 6.40805
14.12533 5.41085
21.03191 18.40639
37.28453 14.44655
15.09055 7.68124
35.01628 10.62074
5.69930 5.92186
24.44700 16.08291
34.20774 21.03218
25.15391 6.96879
20.77948 18.80618
34.11011 17.70572
24.96145 6.32019
32.57176 11.28089
36.41922 10.17661
15.22188 4.84817
18.87089 9.37450
25.21726 15.22922
24.49474 6.14389
19.51959 9.47745
3.48064 13.21399
14.74737 7.39693
22.52725 19.05533
6.01291 7.44928
25.13473 15.89020
18.81376 19.69096
36.82533 9.07748
24.94133 15.41200
19.51781 19.75225
31.75361 19.03769
19.91437 10.65465
33.97692 17.76387
4.20419 7.54064
25.89652 16.97868
20.39439 10.36420
-0.17504 7.75147
15.60969 15.72469
14.04462 14.77619
17.93929 18.96865
26.15356 15.42129
20.03437 18.84181
14.43409 15.89379
24.81300 8.09940
15.92141 4.69229
33.88741 15.45005
15.78246 17.47480
33.02190 8.07974
3.84171 6.23208
24.64442 5.12226
24.38642 7.77335
24.60828 6.89101
15.52194 12.70736
15.92858 19.62851
20.87500 10.42933
19.34855 17.79793
4.12205 6.79539
25.35020 7.90469
24.39094 7.68452
5.73013 13.41816
13.92522 17.69593
4.59034 13.04080
32.92801 20.29274
33.77490 19.03059
23.67175 8.04840
33.85008 10.60471
25.95653 7.26392
33.22843 7.91925
13.67180 6.96033
22.31186 19.20692
24.84011 7.70096
15.69247 14.28467
24.87774 8.35414
36.05241 16.93255
17.31182 18.55877
15.13964 9.02404
24.13967 17.03345
14.95034 14.64829
21.89963 9.78906
15.42405 6.53099
24.95272 7.06636
22.31504 18.75532
25.28408 15.67210
23.96421 6.85950
24.72694 16.01423
25.56150 15.11683
23.52150 7.10554
15.75601 7.92060
15.45192 6.29938
15.01240 12.82377
25.85382 5.21519
0.43650 7.84225
8.15501 14.39935
34.95541 9.85815
24.62898 6.04490
26.07391 7.92073
15.16242 9.69354
25.49505 16.71602
14.78182 16.42546
3.94892 6.77226
34.20879 19.51700
14.57591 14.31822
15.20065 3.39658
34.92631 9.06692
13.88873 8.72685
36.09908 10.43436
14.18930 14.61006
20.77625 9.85590
21.40588 10.10538
13.40627 15.08350
6.77110 12.67831
25.28437 6.50750
6.85551 13.04715
15.01266 9.70137
19.75611 9.37190
33.52582 17.71085
35.83744 10.64669
35.03198 18.07399
24.44029 15.89447
25.66851 16.43215
14.94092 12.46755
33.37211 11.88254
35.92890 7.67162
25.68038 16.42085
15.33934 3.66159
24.77851 8.02686
15.09819 13.20266
16.60796 19.01329
15.16031 4.74932
5.48720 13.04839
14.34070 6.58989
3.93722 12.84389
36.69607 10.29662
5.03685 7.14853
36.19767 16.39176
22.26696 9.32539
14.84112 15.95021
6.91206 5.40556
25.89976 15.56657
35.62029 11.92042
4.96343 12.59732
33.51028 14.33635
6.70334 6.81347
35.94250 11.05210
14.60680 17.90457
36.74140 10.02801
4.21628 7.06348
15.39930 14.17984
24.04319 5.85566
32.55812 19.54569
14.41705 13.58017
14.09449 12.75929
14.58853 6.10628
25.18730 15.39557
14.77526 10.15939
33.75464 17.26610
4.40150 7.18240
13.78605 15.11927
24.55575 6.82330
4.43726 13.30054
15.69676 6.08313
21.67422 10.05656
24.69211 8.05916
15.68724 14.25766
36.66893 9.79173
24.74512 15.87205
21.82251 18.29779
14.05078 13.66575
24.50613 8.06536
35.73845 15.25372
19.94109 9.87470
20.23136 10.03035
3.91384 12.40053
25.76400 6.88962
25.74078 16.47151
4.28798 7.50727
13.64081 14.79865
14.05799 15.05594
4.63622 8.02540
33.11083 19.58405
16.66514 18.41452
4.25753 6.61393
6.81519 11.99638
19.80158 8.95927
18.53176 19.30876
20.45476 9.46119
8.13407 7.03222
4.66486 6.66529
21.05345 19.23176
16.10983 8.94741
34.92521 17.44183
15.03748 10.15265
36.27736 16.08595
35.57640 8.65620
15.31462 10.08943
13.93204 6.85046
36.80062 16.58462
25.34124 15.20827
24.57293 16.81398
25.28195 16.77764
5.07691 13.40741
19.73116 9.64860
20.06646 18.45395
33.96873 11.28017
4.22804 6.09844
19.60526 10.06044
13.87713 8.88999
15.04948 8.04107
26.26960 17.42451
15.52140 17.10536
6.05740 5.55515
18.17527 18.47182
5.22815 12.96806
14.53772 14.93460
13.98580 18.56973
18.91849 19.53098
37.38898 9.66607
3.46717 13.07565
6.30077 13.36931
33.21927 11.26334
15.43020 6.04516
15.96912 7.16021
14.85849 7.20191
24.67975 16.13240
14.15367 18.93448
20.58907 18.18701
4.73330 13.03325
20.13831 19.48589
25.78949 16.16122
9.76399 6.67570
15.19248 7.50499
25.25361 8.14048
3.32712 12.55593
15.63708 12.05832
6.86551 6.73897
15.51733 5.87133
25.54678 16.49489
34.60840 9.22507
5.34534 13.11830
26.62724 6.55567
34.67444 17.07725
25.74594 16.81274
14.42751 17.21785
32.56692 9.90730
14.33214 5.61915
14.85826 12.80909
15.36817 15.81676
3.84241 6.11875
15.07830 8.26137
32.97091 18.87998
24.24819 15.31434
19.46639 18.81440
13.92930 13.76073
35.30925 17.34475
3.74513 12.59482
37.32224 8.75124
15.14789 14.03084
18.82942 17.99215
32.18904 10.56483
5.99884 14.06328
16.16422 8.51736
19.85258 19.70131
6.81769 12.97641
35.78140 10.05963
20.16408 19.24834
24.45782 16.21843
19.22451 10.14913
15.78497 15.62715
20.53793 9.42785
6.38216 12.11312
24.21988 5.67087
17.28177 18.69872
18.76713 19.99462
25.11600 16.99366
20.04488 10.80863
32.17299 9.45377
15.51133 14.34032
34.99698 14.51967
34.80661 12.33369
20.59229 19.29255
4.91974 6.75370
19.56171 18.45961
25.28103 15.63071
14.56990 6.68127
33.67249 16.21708
14.83317 13.75560
24.72651 16.38747
25.09951 7.94163
21.46790 18.35410
33.73692 11.30250
4.07166 13.76677
26.01318 6.74286
15.67030 14.25689
4.76550 6.77507
36.39882 16.19088
5.69720 7.50561
36.29070 10.35789
25.76918 6.87210
27.19004 15.38263
4.30420 12.37397
35.44033 16.03763
19.34003 10.32930
4.26346 6.21399
14.60378 4.41720
3.26441 13.27586
22.38551 19.50545
16.44998 16.29982
14.33016 7.33465
16.09803 16.90864
24.33144 6.84849
25.31815 8.44213
21.17909 19.12651
15.48043 5.50039
24.74570 6.59128
17.64741 19.87870
3.54637 13.49328
15.87644 7.40647
19.15985 9.84016
35.71509 17.19798
25.38276 7.67471
6.19712 6.81677
15.21887 6.35895
20.34247 9.76892
15.58600 4.58115
14.63274 9.58695
14.80019 12.12195
5.65253 13.04616
14.82446 14.18484
25.58776 15.00487
25.96257 7.47658
3.87007 12.87424
24.89247 15.39349
4.91199 7.29404
35.52244 17.89740
17.51933 19.35936
25.53353 16.91805
34.45413 9.72647
24.82793 15.39781
7.82943 12.50144
19.06067 19.31473
34.76730 19.01734
35.31402 15.90556
14.98492 11.64182
35.52623 10.07753
4.49768 8.11051
5.49566 13.26783
5.41383 13.14880
20.41585 19.21673
37.89093 18.06347
34.35442 17.85747
22.92604 15.54183
25.48636 15.26561
6.55893 6.01492
37.03899 14.26823
37.41944 7.48418
35.17641 8.91433
36.09508 11.84287
36.91713 18.76591
24.18438 7.32701
35.20446 10.43652
32.90061 15.94889
6.32833 13.90137
20.07776 19.76601
19.70732 10.26284
20.30500 10.48185
4.87299 5.39170
24.61439 7.10849
35.80237 15.90760
5.96638 6.38226
36.45969 17.47447
4.90584 6.92813
25.85446 15.72232
15.51939 7.18506
32.63466 17.24809
34.99055 8.88242
15.20016 2.92654
36.38178 10.20733
20.82057 18.68211
25.55243 7.49129
24.90325 17.22663
8.24654 14.05717
34.61683 7.74327
33.95620 16.72540
20.35411 10.52219
20.79565 18.60697
5.14477 13.77173
21.38099 19.22523
14.83930 15.59698
25.12646 5.86378
34.84374 10.89608
24.43492 15.62865
36.00151 15.44552
20.75618 10.03225
19.92152 9.99630
20.52101 18.73118
14.77285 6.15294
15.19316 17.83171
15.16320 11.27309
35.78014 10.02161
14.47678 10.64049
5.74416 7.64244
19.49352 10.46387
34.16094 9.54356
16.60248 7.57463
24.70084 6.30255
35.60477 16.39406
5.61714 12.58685
14.07956 9.60440
22.90544 17.32667
15.33459 7.49952
5.30370 13.53506
25.10741 15.74687
4.18118 12.72178
14.84315 4.77913
5.21775 13.36927
25.02020 15.82921
21.43130 18.41057
21.54883 10.01795
34.11522 9.26559
35.87736 9.91176
24.98811 15.33936
35.09111 16.77189
19.56901 19.83576
34.93257 12.25517
35.34545 9.76513
13.45908 8.64926
36.70194 8.13270
35.46998 17.23538
18.56383 9.60154
13.76563 5.73095
7.08038 7.65313
3.66400 7.33106
19.17333 10.40817
23.73116 15.87136
20.58844 10.05468
35.62491 14.80552
34.46618 10.67689
27.18504 16.33046
35.09552 18.47797
18.55800 9.81606
35.85161 10.30412
4.35281 7.37332
25.21153 5.95329
34.51741 9.27935
32.10400 18.96192
24.03556 15.42182
18.79295 18.59041
3.39725 6.36289
15.50475 13.63944
19.07736 10.30461
25.61379 15.56019
19.96389 9.47428
13.89506 5.46117
15.17230 17.84071
4.49417 12.54538
7.50936 6.31756
14.83381 5.93267
7.31073 13.46748
24.39607 16.23379
34.17985 17.66894
1.68861 6.27426
26.23406 5.80230
18.73817 18.53178
31.82439 17.11916
18.61449 19.19663
25.04108 17.00190
17.48244 19.35743
19.27244 9.81709
14.68005 9.01871
20.25662 19.03497
20.87986 18.50889
34.93565 9.72168
35.20191 15.28957
26.01542 15.43874
14.95327 12.73202
5.66003 7.75524
19.49020 10.35317
21.20699 9.52683
15.13705 3.86463
3.14218 7.93527
19.09983 10.49963
36.09958 8.36662
18.84034 10.49669
14.22938 14.76908
5.19199 6.84681
19.71692 18.42382
25.01707 16.06922
5.61027 13.49121
5.28799 6.53911
25.70982 4.99128
25.32722 16.86196
37.17025 8.31625
25.34205 6.35522
31.84763 18.37882
14.04342 12.78807
36.55975 16.41555
20.16051 9.33144
24.70468 7.65318
25.03415 7.38405
14.66487 13.24144
33.56690 10.98770
34.55769 18.12840
21.09009 9.93157
33.52208 12.16903
34.63195 10.62493
24.63850 5.81238
25.16747 7.68356
6.57012 13.21188
8.22158 13.26430
25.23433 15.95465
4.38341 13.44219
14.63115 9.52766
17.12074 5.52707
13.59104 6.42390
32.57227 16.95599
36.07267 11.97330
32.20354 17.55254
19.40397 19.63587
24.61379 7.92514
36.33214 9.16369
14.60739 12.31647
22.46792 19.10473
15.18002 9.20264
3.96649 13.33750
23.07742 15.21033
3.51670 7.07322
33.88147 15.92229
19.87470 9.77314
15.94657 7.42048
25.71910 6.72500
21.64051 10.08675
14.92222 15.51154
5.56135 12.93417
3.28083 6.86132
20.79551 18.93787
35.59550 14.08031
19.76281 19.41303
25.60509 6.96062
7.93536 7.13156
35.40134 9.06198
37.94666 9.84090
13.62112 18.41792
19.96781 19.13578
24.16660 7.52132
14.90380 16.33168
18.61855 10.57884
13.95484 8.84322
34.53737 17.81317
35.94818 10.21034
24.90613 7.44797
14.32677 17.07522
35.85924 18.35491
19.01072 18.57966
24.46194 17.37651
23.75416 15.57000
6.33712 14.01298
34.57484 15.59121
17.85387 18.75740
20.84612 18.77321
26.83571 16.82429
32.55277 18.82057
35.13144 10.11393
16.02403 12.85466
19.04931 9.41479
4.04046 6.97962
33.69073 16.05030
6.15180 12.34476
25.38447 15.74929
4.40390 12.58078
25.65563 16.41303
24.57516 15.67264
36.63800 9.24660
18.61344 10.11150
4.51470 12.45860
24.36213 15.76762
15.87092 14.24621
3.42054 13.30713
4.97343 6.98585
20.00695 18.11002
3.38995 12.42073
33.63523 10.50568
24.45454 16.77338
25.60551 6.36253
24.99188 15.31714
4.29387 7.63667
14.66324 9.81169
19.28684 19.32453
14.73952 15.59847
15.66103 16.65428
33.99391 11.76657
34.69408 10.67431
23.67299 15.60438
21.00869 10.30056
33.60583 10.81440
24.74030 7.33545
24.70275 16.04948
34.14016 8.54826
19.82514 9.65249
16.37300 16.99365
32.96973 9.75754
24.00017 5.53024
4.82480 6.81243
15.52447 6.28764
18.53751 9.63577
19.99495 19.41403
32.83315 18.81762
23.88286 11.05597
16.75156 7.52497
18.77471 10.13101
14.81970 11.62966
20.35416 10.30524
21.22841 9.69474
1.59047 12.50144
24.02732 8.08106
35.56854 10.80015
5.85625 6.62552
17.69466 9.46882
25.27354 15.81617
5.13227 6.66250
8.50755 12.44227
14.41808 4.75945
19.22282 19.99684
15.63655 7.67285
3.64453 6.53524
20.59728 18.69969
21.14926 10.13781
18.39985 19.03718
18.40393 18.28270
19.38071 10.38485
19.84732 10.92393
25.82796 14.51570
24.15106 16.26797
13.60874 8.23555
18.13732 18.59097
25.89549 15.60675
3.17757 12.59121
24.04615 15.64960
36.02515 15.95945
21.83112 18.56102
16.69585 10.50658
4.10019 12.54279
34.52219 17.26523
14.86372 12.39533
19.93434 10.37394
20.43619 18.78873
7.36434 7.14221
37.72564 10.36125
17.74218 10.10276
14.88104 7.56558
3.41309 6.29968
25.96163 7.12322
14.43335 15.70669
14.33999 3.48528
5.27219 12.80014
6.11511 13.61124
24.33460 6.84370
20.64281 18.83796
5.79930 6.71960
19.04971 19.09287
15.18927 7.22418
4.95755 7.62949
4.88795 12.86557
25.36809 16.37861
34.26301 9.14032
25.50310 7.15093
15.07774 7.17685
25.98976 6.88154
4.97913 12.88497
6.80338 6.99540
34.80669 10.85734
17.78145 10.46187
34.81054 9.26871
21.34893 19.10931
15.65033 9.82988
21.81237 18.59659
3.32288 12.99854
36.36189 17.98917
14.79184 15.55674
24.08477 4.97555
22.06626 10.15970
18.60247 17.55123
15.68353 6.61366
25.65468 15.74996
5.84174 7.34611
34.94992 8.77011
25.78467 6.60240
9.33688 6.54729
4.86367 13.07202
20.85451 10.13845
34.99147 9.61347
23.65542 6.96146
19.22891 9.93583
23.94809 16.33454
22.73184 16.44943
37.01414 10.40808
36.63189 14.20484
3.13395 7.88101
15.35087 3.90169
35.18060 11.01980
13.73171 9.47283
34.11103 16.84907
37.47719 10.63733
31.50325 10.06440
4.44074 6.90192
19.63442 9.10740
3.85704 7.23471
22.18805 9.71355
15.83588 14.47974
4.84046 7.84109
5.43173 6.26591
35.22481 15.53250
36.17553 9.80612
36.00499 8.00350
18.34088 10.34944
3.77132 7.21159
5.08487 13.83778
14.78330 15.18516
24.81311 16.57259
15.76505 16.08797
25.12818 6.54255
23.91198 7.87297
5.71092 6.61890
15.02421 4.29548
34.17448 10.65969
24.50534 17.15253
16.30732 10.72487
4.98430 13.12307
36.49606 11.31973
3.92070 12.22585
25.13126 7.86358
21.96990 18.90822
13.98688 12.16689
21.97664 19.15557
25.91044 16.26979
24.42279 6.94665
27.04143 14.49498
6.04475 13.09992
33.12856 11.16789
21.63806 19.57458
35.19753 10.36705
17.34375 18.99359
33.16406 18.39739
15.27341 4.64381
16.12474 4.34341
22.09272 18.20351
24.88560 17.08161
32.33303 18.40214
25.33313 7.73513
34.88731 16.85645
15.23725 16.05681
18.72364 9.17695
5.75180 12.73157
24.96284 16.84055
25.02012 7.04865
37.28286 10.16684
3.70029 5.94944
6.23187 13.37950
20.98283 9.64435
2.57178 7.19640
15.53760 14.69630
3.92674 12.74279
32.78649 16.24445
23.38311 5.71499
33.23226 18.36283
21.38572 19.72500
25.28749 15.66545
13.99677 17.15144
18.41434 19.03980
18.52663 9.92069
38.34738 17.40003
16.61457 14.68933
16.94314 18.08357
19.89732 19.48412
16.32105 14.25868
36.60562 17.72245
34.44129 18.18892
14.55559 14.69398
19.59364 18.71980
24.31426 6.25062
24.67381 6.22729
35.05669 16.57677
18.52436 9.91837
24.92141 7.86638
24.97047 15.83714
33.57107 15.99327
3.65681 6.09149
13.88616 15.40397
4.12457 6.15292
34.86861 18.59585
24.75609 14.34118
6.14720 7.17063
19.48796 18.83035
26.12629 5.34734
33.29872 9.98045
4.86348 11.96866
34.11785 10.39766
15.41245 9.82250
25.09565 15.92484
4.33876 8.02211
24.82814 16.27252
35.91996 17.34181
6.07128 14.52919
5.48032 12.37812
38.30588 16.15792
14.60400 4.41095
14.03683 6.66841
14.31109 6.77056
3.32928 12.43288
31.65146 18.07037
33.44207 10.24211
24.80479 15.37527
37.12273 9.71942
24.78678 16.22852
19.12661 20.51011
23.46905 7.01964
26.24808 5.54695
36.61786 10.76219
19.74181 10.28058
34.35852 15.86580
16.07521 16.65529
0.73057 7.55710
4.96807 6.14529
15.23005 3.41594
24.73456 15.41724
19.42649 9.94622
15.74754 16.61841
20.10777 10.56705
14.21364 7.26126
37.49818 9.53642
15.01299 14.23075
20.49622 9.96521
23.11611 20.08808
5.67152 11.79289
13.76397 15.71147
14.63291 1.67622
20.08196 9.22997
14.93933 9.11290
25.11046 16.21877
34.95787 19.92863
25.08644 15.98690
15.70130 6.85971
14.20755 8.23996
24.99324 16.80050
2.19384 12.62644
35.70279 10.85063
20.46049 9.80128
24.23100 15.54899
26.75081 6.60289
25.52047 16.60968
19.73799 10.95543
37.16099 19.35215
15.59512 13.30024
5.37130 13.31686
20.10613 19.04643
4.76923 6.84263
5.78814 8.08572
16.06468 5.42129
32.89375 9.38796
1.27158 13.20242
6.21964 12.41037
34.86941 9.57038
17.89166 18.88282
35.98736 16.24891
5.82466 13.27184
36.58533 16.11747
14.40965 14.30552
9.16070 6.37827
13.46475 6.69207
15.73630 14.81295
3.84532 6.80663
7.58373 12.27176
5.83027 8.69636
6.89145 13.81529
18.71782 9.82331
24.46879 15.69214
14.98589 12.48340
25.38486 16.07739
15.04488 14.75811
17.10117 8.42884
14.82670 13.68998
25.97746 6.86690
6.70825 7.62664
19.38954 10.62893
37.37057 9.36686
5.72380 11.89726
14.67653 2.93177
35.48138 17.64259
14.56917 4.95730
19.30018 19.24461
6.12683 5.77743
14.89759 14.02042
33.98370 9.93976
8.55269 13.47601
18.94961 19.22284
34.60001 11.48541
23.38010 15.69795
36.97993 18.87300
38.09288 17.65208
15.54675 13.72045
3.30214 6.69959
6.50649 12.30072
18.88828 18.95034
23.70975 16.36628
19.24393 11.36279
35.81762 9.72128
4.28554 12.02019
19.81831 10.02820
20.28836 10.44288
33.99128 8.69015
14.68455 13.66658
21.58313 18.90349
24.44860 6.47904
4.54662 12.32585
19.40050 19.09571
14.49685 13.68315
7.99006 11.69417
32.16941 18.57819
33.42143 11.45797
15.10585 6.12771
16.66473 8.15653
2.49012 7.21797
35.00441 17.24407
25.70395 7.91882
14.68420 11.79915
4.05328 12.65902
14.78150 5.99296
24.52850 17.53034
1.52435 6.50378
3.98698 13.27446
5.59789 11.63764
15.12932 15.07513
4.53912 13.28184
13.54265 3.28474
25.37078 16.33962
5.80876 12.72080
14.96005 13.92791
2.57979 6.25335
20.92011 10.13996
20.59341 19.55241
37.99577 16.65154
5.61876 6.62841
15.60546 5.89848
15.53219 11.40462
18.58808 19.32791
34.27871 6.30045
5.30169 13.06062
36.19797 10.26348
37.32182 10.47345
18.49044 10.23735
19.17374 9.76380
7.29281 6.41801
15.14823 16.74588
15.79332 12.78654
17.86269 10.22600
16.61063 17.73434
4.64754 13.41969
33.62147 10.49858
34.84230 16.12332
35.79774 17.54139
15.27987 15.80667
25.68762 6.97144
15.89860 6.03799
24.40784 5.71474
4.09887 12.89696
6.29373 12.62309
15.31016 15.71551
18.19789 18.59617
5.22171 12.82072
20.06723 18.09592
24.85610 7.22643
35.16908 15.73828
3.35105 12.32824
24.45984 7.19686
35.89424 11.06174
25.17808 6.56575
33.63521 8.82300
4.64590 12.43681
14.04351 10.23349
3.58680 13.66643
33.94908 10.62236
19.02470 8.94581
25.77863 15.86500
13.85507 16.82643
14.90996 8.64906
4.72871 6.82952
6.02303 13.47813
21.79290 10.40399
24.40825 15.75082
14.72300 5.09902
33.52263 11.29963
20.86478 9.25344
34.63026 10.52927
4.18809 12.59716
25.69274 17.12404
20.40292 18.96195
24.18179 15.62152
18.60996 18.09357
24.54152 7.23781
13.82728 5.83498
24.27693 15.66259
34.90800 9.77337
19.00308 19.18128
3.28475 13.24851
16.14826 12.38460
23.67315 7.16814
36.50155 10.64726
25.54633 7.04012
35.20821 14.75885
5.17789 7.18820
5.37311 7.21728
23.42236 8.37669
14.51550 14.29481
24.65616 15.59819
25.54163 7.68545
6.04165 6.87119
18.29659 9.22723
3.54605 13.43567
3.65777 7.66720
19.28251 18.28866
20.52042 10.02291
24.16820 16.89548
25.79721 5.87572
22.66127 18.76640
2.66282 13.77841
26.05898 16.42495
14.78928 17.71756
3.83138 6.49336
24.58604 15.86011
3.45684 6.05882
25.84685 8.02696
24.81253 15.44602
21.61605 10.40043
14.52791 15.25142
36.26800 12.31437
18.24927 10.07237
25.31354 16.34421
33.62052 8.09879
25.13399 7.15215
14.45584 13.06833
24.87819 6.70764
35.38693 17.10437
14.58330 9.31652
15.83570 16.20895
33.22902 9.48712
13.98405 16.45223
34.73257 15.59341
5.30721 12.53918
5.18159 12.38563
19.88137 18.13846
18.56914 18.56520
35.12098 8.71830
23.87056 6.50033
2.94461 13.34666
2.97769 6.80793
25.17503 16.75941
32.44892 15.95445
15.91949 15.87250
5.89716 12.45993
35.33674 14.20819
6.76080 12.25475
35.60657 14.86699
4.00636 13.08529
24.95686 6.89139
8.01213 11.82683
3.72383 13.25161
16.13291 9.63154
25.95441 5.92304
34.32266 18.59810
32.22035 16.74797
