19.62986 9.97934
25.56117 6.31625
6.70647 7.66093
14.72459 4.75306
19.50348 10.35348
5.58981 7.31193
15.46461 9.81450
24.29611 6.58917
6.19331 6.74176
24.58694 6.39563
24.44595 7.74554
6.17111 6.11530
23.69021 7.20992
24.56786 6.70653
6.48178 8.30382
15.69262 8.94900
14.76344 5.47853
6.83225 7.00542
6.97849 7.39271
25.42878 7.54968
24.20915 7.39564
24.35084 6.08081
25.43140 6.84045
15.98467 10.56343
15.04343 7.23225
15.11636 3.06726
24.66171 6.97664
15.41201 7.27955
25.77569 6.57801
24.13976 6.62425
25.69517 6.42922
25.60282 8.09113
14.89618 5.14687
18.67900 10.61604
13.96063 8.26229
14.73945 5.41459
18.39486 9.31404
14.62639 5.49285
14.91690 7.46355
19.63756 10.20307
21.60320 9.83655
3.51340 7.21134
15.70894 7.29857
2.31595 6.41924
17.60690 9.58383
4.34622 7.74751
14.13717 5.47502
19.46475 9.61886
16.77421 9.94282
25.73092 5.25761
24.60773 6.96097
3.35102 7.90612
6.64558 6.76628
18.56595 9.61000
15.16521 7.25989
15.95523 7.19599
16.28433 4.35168
25.52881 6.77380
17.55469 9.67572
26.08671 7.17258
24.43094 7.70010
19.01615 10.34134
4.35979 8.41730
20.26524 10.32094
14.17941 5.94717
19.06922 10.09851
26.30658 5.89210
25.05642 7.01859
14.72659 7.04716
19.29559 9.70527
14.56309 6.92266
15.85730 8.60434
3.86367 7.33774
14.88104 7.31744
18.78045 9.48814
21.92310 10.66284
5.48657 6.18533
17.71945 10.31823
0.31811 5.99704
18.80659 10.16944
18.31379 9.85375
4.15295 6.98797
7.15443 6.70003
17.92683 9.82559
3.09562 5.64098
14.86665 6.99913
4.71337 5.85822
22.02328 10.12801
24.71078 8.79740
24.65915 6.88730
19.84980 9.63118
19.38748 9.35424
22.52106 9.50068
25.69254 6.93459
6.46066 7.10380
4.32191 7.45131
5.90348 7.92631
26.65840 5.95058
22.81159 9.29546
21.23502 9.82201
24.37621 7.46260
19.24301 9.42833
4.16573 6.30498
19.31163 9.68551
15.35620 5.11537
15.89942 7.45804
19.10974 9.93513
15.35138 10.85651
25.93527 6.97949
24.60039 6.38982
5.39409 7.07767
24.27473 7.93113
15.35477 6.29744
2.63206 6.83339
17.48942 10.03800
14.73279 8.90555
15.51154 6.35564
16.39161 9.97300
15.70531 6.67476
5.66490 6.51944
4.69166 6.46456
17.65096 10.11190
6.31807 7.53129
24.56606 7.28083
14.37446 3.98228
24.77729 7.64513
4.04017 6.62321
14.57686 7.86006
14.82306 8.95683
5.33572 6.93292
14.97088 4.96586
24.57983 7.14316
2.89221 7.36855
20.02181 10.47031
5.31269 6.75950
3.84450 7.65758
14.56427 5.01137
4.77271 7.08604
18.36494 10.27155
3.53987 6.72814
19.41660 9.90755
3.92328 6.21957
15.85436 9.75004
7.00179 7.08554
17.00749 9.83429
19.52248 9.68267
6.39847 7.93401
15.43912 5.82230
15.00048 9.08404
20.07830 10.37103
13.92231 4.57159
5.92464 6.96696
19.93550 10.31862
5.43950 7.89388
24.13729 7.84472
19.86539 9.96218
21.94517 9.89074
25.04881 6.78744
19.36420 10.08222
13.99339 8.67154
5.05357 6.94951
15.56925 6.53554
6.21704 6.84139
24.77641 7.55325
24.81163 7.13492
19.98867 9.60497
14.37600 7.74091
18.57325 9.90483
21.39711 9.78686
25.45752 6.46020
24.62356 6.03079
24.42684 7.11886
19.55252 10.35248
16.93149 8.98453
20.72036 10.10879
19.59459 9.74073
20.43770 9.84042
22.29317 10.36667
13.72456 6.22572
5.17539 6.32753
24.49698 6.63283
20.24702 10.68663
21.45071 10.50140
15.18619 6.72583
25.63080 6.51125
15.11628 6.74038
8.80621 7.10518
20.10038 10.69142
19.91528 9.18784
15.99929 8.74164
20.36076 9.97424
3.09136 7.61228
24.24956 10.42761
14.49781 3.97087
22.57166 9.98271
18.16551 8.92827
24.53882 6.50457
19.65733 9.88017
14.60486 4.73069
1.46761 7.45694
24.60471 8.42231
4.77333 7.05327
26.67528 6.61326
25.04479 5.31246
22.74004 9.91937
4.69763 7.56602
5.96636 6.12536
20.62681 9.64249
20.01562 10.96503
13.96183 7.75567
20.97196 9.98509
15.76860 6.45272
14.82706 3.69926
19.56265 9.22707
3.69433 6.97280
15.04320 5.38150
5.10082 6.66537
25.68603 9.15618
20.21171 9.88921
5.73498 6.40360
20.56313 10.39436
4.17805 6.36471
4.69166 7.38840
16.26833 6.41144
19.87333 10.31858
26.14737 7.39706
4.72087 6.43802
14.77863 6.61249
4.73431 7.74669
19.91854 9.21163
24.15696 7.66616
22.85955 10.45228
19.71034 9.65996
15.33975 9.91534
4.11189 7.02775
5.30200 6.68344
18.97484 10.22356
25.41111 6.36229
12.96502 6.40786
0.63095 6.74801
20.57609 9.34717
5.67914 6.90251
23.40199 10.49549
15.27401 5.00930
21.11973 10.52885
15.12445 6.69023
25.37980 7.81363
6.97751 6.86395
14.60996 6.09586
14.63993 7.53487
14.85900 5.26017
21.80541 9.55077
4.35875 6.67223
25.87349 6.52104
24.21609 7.57044
25.66800 7.40705
19.05027 9.97495
24.26129 7.10635
23.04919 9.97970
20.49784 10.70896
3.16529 7.76974
14.44502 5.10317
17.62191 9.96215
15.26968 8.31298
19.24663 9.81699
21.05230 10.18984
24.40808 5.54994
25.20611 8.07716
22.52024 9.13416
14.48796 4.14997
25.32472 6.56971
15.35381 13.64991
25.35120 6.86723
25.53697 7.36229
19.24081 9.44572
26.27308 5.83378
6.22704 6.48273
3.62620 7.17998
23.98694 6.01245
5.95527 6.53268
24.64253 7.97407
14.98719 7.10474
4.82504 7.44777
19.48137 9.60382
15.67684 8.88797
15.21244 6.26653
26.04661 6.79972
4.66900 7.86487
19.22804 9.54424
24.80554 7.11492
15.31703 9.48256
22.79485 9.68585
2.83141 7.06386
24.02717 5.77076
22.77100 10.37137
15.75638 7.68589
14.50946 7.94765
14.63544 6.64855
14.67156 3.38612
5.67405 6.41552
14.69325 7.72341
15.25050 6.67660
14.75149 6.02473
14.81158 4.95956
16.32974 9.54797
6.41881 7.06297
5.92338 6.93275
14.99677 7.46303
6.95894 5.73397
16.31221 6.77366
5.99022 6.05555
14.93148 7.53914
25.56787 6.36584
19.59518 9.46565
20.81507 9.24118
4.00893 7.37400
24.07648 6.64607
4.04805 7.27312
24.39694 6.51812
5.87767 6.54069
26.15113 6.55671
20.21688 10.52248
25.61153 6.30480
24.97722 6.67730
26.42920 8.20660
24.35619 6.94993
6.35674 6.39639
17.27554 10.14077
24.22047 7.76108
15.20399 3.82177
15.83328 4.54451
4.99008 7.44435
25.65489 7.73146
18.69306 10.04915
19.18974 10.97338
20.11259 10.11145
15.20027 6.92400
21.05928 10.06945
19.39447 10.29577
3.37612 7.49359
18.10509 10.23865
4.69712 7.38623
22.44722 10.14526
16.67689 7.87057
25.34242 7.16516
18.13721 10.66456
13.62834 5.32395
5.26679 6.58239
24.26485 6.74888
24.73244 6.64666
16.56924 10.02749
20.31144 10.21937
15.57436 12.10528
7.51319 7.42441
14.85945 7.18075
14.12887 9.49539
4.04585 7.57890
15.51276 7.22121
24.06352 6.63661
15.43259 10.22960
14.61919 9.21635
17.00639 10.11891
15.97347 4.85363
7.73035 7.51887
16.37821 9.95353
4.04517 6.85407
3.10196 6.68385
22.06267 9.83383
13.86175 4.52632
18.82404 10.43906
6.90314 7.12497
25.41768 6.93196
14.41136 4.09017
14.69634 5.68292
5.73928 6.58564
24.44974 5.95334
27.54540 5.99508
18.40070 10.31794
15.36124 7.27730
6.13762 7.79342
24.72168 7.14640
6.67711 7.53379
20.89429 10.09391
5.91709 7.52892
25.53808 8.28298
25.85988 8.07569
13.77485 3.52529
15.46134 5.70650
4.72322 6.63359
23.86515 7.21027
13.64218 6.14699
25.77517 6.48092
3.36804 6.95061
22.33769 9.51599
25.41474 6.02310
24.98783 6.57890
4.68239 6.45699
3.99058 7.80257
24.84569 6.39540
15.27743 4.74281
14.88742 2.75461
22.88384 10.35535
15.59443 9.25605
15.18073 10.28439
14.78479 5.55912
26.18430 7.28647
2.87852 7.69552
4.76788 7.69215
4.95062 7.38000
17.66648 10.70581
24.26223 8.26715
16.92066 8.04487
6.96092 6.47556
20.49895 10.21931
24.93921 8.07299
24.93923 6.31101
20.21208 10.27930
3.42411 7.17093
24.94719 6.55546
14.58299 6.37860
6.31519 6.31073
25.06856 6.94324
5.56605 6.89854
26.22902 6.88003
8.19242 6.66410
15.33644 7.97221
23.09461 5.97001
15.53835 8.71764
24.69626 7.50318
25.10991 6.55989
19.21841 10.01174
18.89947 10.10311
25.55133 6.56619
18.60707 10.06444
6.28230 7.69356
26.77526 7.52066
4.50009 7.59925
4.92890 6.72672
26.32427 7.24834
20.65983 9.82934
20.46148 9.71436
19.43542 10.31163
16.39505 9.92389
24.32069 6.00546
6.26875 7.00811
19.99227 11.05320
24.53888 6.65623
4.78530 6.43790
15.33368 8.08207
25.91332 6.16891
6.23989 8.01021
7.91379 7.87017
25.01486 7.23270
24.90011 6.80349
14.51405 12.43034
19.40483 10.55508
5.05735 7.41010
15.33078 8.09731
26.07189 5.24241
5.62269 6.94085
7.94708 7.76402
16.77311 10.58950
24.76252 7.18635
4.65668 6.24630
13.92498 10.65791
14.07410 6.89728
24.32677 7.38141
19.96649 10.43598
3.87358 6.40324
25.46230 7.31690
25.72746 6.53395
17.62845 9.84696
9.20795 7.86928
25.42433 6.09542
7.20293 6.94603
14.81291 6.03422
2.50533 7.49472
24.70539 7.50989
15.43791 8.79274
14.81024 4.75358
13.91418 6.37592
15.72001 4.54392
15.17481 6.52688
25.18074 6.01996
24.38213 7.19174
14.20589 5.36970
24.43302 6.98934
24.62202 6.52731
17.45040 9.73207
24.52502 6.80627
20.26146 9.52536
25.04420 6.80514
25.54479 7.73521
16.17259 5.52744
7.49285 7.13484
15.25493 7.92741
20.66203 10.05679
24.64354 6.54670
15.41291 10.03008
21.30890 10.07286
4.45253 7.62810
20.49519 10.31016
4.67682 7.02524
14.42561 7.46923
5.35294 6.28384
14.51938 8.38915
25.96950 6.23972
25.56886 6.91454
6.62310 6.82981
14.55526 7.53249
22.65459 10.40899
15.10835 9.00860
20.89188 10.40617
15.21167 5.44454
20.66146 9.90384
15.24253 4.98019
16.13091 5.64689
2.77477 6.78350
24.28023 7.38175
19.86040 9.74598
6.01842 6.97751
15.60800 9.84496
24.73564 6.71100
19.86726 10.22824
26.21857 6.36194
17.51420 10.04724
24.93082 5.71591
20.84987 10.04470
14.42265 7.28930
17.97325 10.83818
19.64200 9.82466
27.23346 6.60660
15.97157 6.18264
25.57569 6.79965
4.26001 6.96919
26.66940 5.98006
25.87860 7.46937
14.34508 6.31240
22.14424 10.45724
4.35146 6.86768
5.98029 7.97822
20.42793 9.70890
25.64237 8.14024
26.86167 6.74186
14.87046 7.55466
22.60334 10.55155
16.91531 5.89538
20.49720 10.23928
25.06437 7.78859
13.62637 4.04359
19.15917 11.48266
15.98083 5.46220
5.37751 6.77156
15.30124 6.63064
26.54727 5.85176
25.03928 7.58013
24.56253 7.14943
5.49000 6.69645
19.76768 10.41946
15.23061 9.38383
24.55321 6.97691
18.31583 10.05177
16.01757 6.14375
5.48909 7.11440
4.70004 6.63800
26.96749 8.29612
4.16958 6.58114
24.51441 8.07796
25.15628 7.11896
23.32107 6.35561
19.70781 10.47592
18.79138 10.09211
17.77247 9.56230
25.26333 6.32114
24.01854 6.02971
6.02155 7.19229
20.37161 10.11456
21.55017 11.38767
15.93560 7.25666
3.27611 6.79155
20.44865 10.07108
15.07711 1.09893
14.13825 5.40933
25.85707 7.39245
24.89204 6.85306
6.01067 5.83599
25.28470 5.35696
15.16146 4.58547
15.23830 8.07909
16.32016 5.68799
24.81246 6.61824
18.60924 9.40089
15.45804 6.99990
20.66103 8.53201
1.59119 6.44317
25.27522 6.35385
26.54500 7.65004
22.27997 10.77684
24.48532 7.63318
20.95069 10.49971
5.57789 6.68214
21.13496 10.36696
20.22649 10.28006
24.87303 7.59135
14.03909 6.22982
25.44233 6.34858
16.09157 5.40253
21.92125 10.61860
5.57032 7.25685
19.65357 9.29519
4.37614 7.46328
24.03959 7.73761
15.18517 8.55424
18.92786 10.26750
25.58916 6.97590
16.24260 2.17633
14.61322 7.09286
25.45953 6.41446
25.52554 7.13192
6.05390 6.36703
18.92500 10.50194
3.70451 6.92357
15.09014 4.29706
17.08228 10.19462
24.28929 7.12852
25.87508 6.38622
15.36783 5.94361
15.46582 7.03187
19.92724 10.57719
15.12637 7.25024
15.97181 4.62132
4.06302 7.61773
18.53207 10.26967
15.22714 6.29629
4.57914 6.88591
24.65530 6.64909
25.24516 8.01098
26.16971 5.89570
24.99254 6.64041
18.24482 10.50623
3.43775 7.76323
18.94765 10.86879
5.25332 7.19581
15.02865 7.99786
14.95963 7.10100
5.28079 7.89473
19.59489 10.16586
7.24733 7.17813
4.20383 6.74938
6.71573 7.06875
2.04705 6.45952
20.03160 9.35647
15.41119 6.88952
7.29451 7.11166
20.62672 9.26771
24.98761 6.97726
18.61755 10.36202
5.54512 7.45253
15.26338 9.61995
19.50128 10.36164
15.65634 10.82957
15.05908 8.90162
14.52559 6.43441
19.21627 9.42579
5.03826 6.99756
5.84106 6.04023
15.55481 12.23398
23.35086 6.81334
21.37477 9.74694
14.33806 6.67395
16.54463 6.09266
14.33044 11.78980
15.95930 10.29825
13.84081 6.10519
25.66799 7.56622
16.98814 10.36202
4.45068 6.54697
22.36823 10.07880
3.53495 6.51517
20.55033 9.65431
24.21144 7.30269
24.89980 5.44359
23.35852 6.57483
15.51093 7.72066
15.48420 3.59441
19.80575 9.38098
24.93734 7.36118
17.54641 9.72364
4.66626 6.72231
18.04246 10.12796
25.60107 6.33543
15.61722 9.77805
15.12362 6.30977
24.74663 6.27629
18.32427 10.14617
5.14315 7.09876
25.55287 7.13722
24.51462 7.90929
2.64728 7.30172
15.13065 6.64277
3.32506 6.53836
2.70268 7.27443
5.19661 7.59384
16.22653 10.33575
20.56002 10.07532
6.01650 6.85960
24.39212 7.74845
5.58453 6.91137
6.56247 7.79506
15.75706 5.53312
25.37790 6.65776
3.57418 7.17934
4.25603 7.67529
24.62868 7.33089
21.80452 10.48903
14.38348 6.43005
4.22322 6.46667
19.22555 9.42842
13.60560 4.99638
25.12142 6.37809
23.91762 8.35573
14.14729 9.59732
19.23763 9.88406
3.81007 6.45057
14.53924 7.55791
25.23889 7.90975
24.56458 7.16190
24.74578 6.94523
24.99140 7.55234
7.24693 7.83788
21.64862 9.79138
18.92192 9.50514
21.37858 9.82814
15.49078 -0.09334
4.64519 7.24288
6.23753 7.48759
4.87496 7.38912
20.47950 10.02381
15.15247 5.68285
17.41263 9.19784
23.97434 7.59338
19.62852 9.83154
3.94734 7.40318
7.85412 7.14483
26.51423 6.73234
18.43231 9.06193
14.52313 6.56213
20.43865 10.01395
14.98594 6.94992
22.38777 9.52654
19.44957 10.70358
4.98218 5.94591
21.57480 10.50721
4.77986 7.54329
25.16860 7.69603
20.08233 9.89293
16.25242 10.54086
23.94754 7.04472
14.64475 4.76548
19.68911 10.00138
13.85885 8.36522
19.25738 8.52950
4.10957 6.97137
16.15132 7.68817
17.25609 9.45138
24.84453 7.70634
14.55140 5.87034
18.80483 10.17408
25.86558 7.35004
22.10322 9.59480
3.87462 7.36166
19.72445 9.98433
14.86323 8.61441
14.76618 7.46582
23.17874 9.61632
15.42975 7.26249
25.40641 6.75344
24.79376 8.20413
2.43679 7.11393
6.46161 6.73298
19.91713 9.89773
24.36880 5.69093
3.44590 6.67035
19.10555 9.74158
1.97096 6.75966
26.86515 8.24089
26.09876 5.52264
6.98679 5.59826
24.75971 6.81730
16.40659 10.31947
14.15955 9.80456
18.26514 9.94115
15.78810 9.70657
6.41659 8.36910
15.32422 7.57028
15.29957 3.88947
13.71849 3.91127
14.03790 7.78224
15.59598 5.72069
24.61051 7.32115
25.48907 7.10652
19.26025 10.09621
4.84358 6.51079
22.31935 9.92848
24.19896 7.22695
14.56137 7.56298
14.72024 6.34656
25.16364 7.19771
14.49462 8.65836
19.27481 10.39237
24.99555 5.77632
19.77091 10.70246
15.27785 8.22816
25.18059 6.79471
25.12359 8.15154
24.80156 7.66114
15.92876 8.35060
5.09292 6.53670
14.95478 6.87500
14.41534 10.36695
4.48504 5.81253
14.58395 9.88416
4.06401 6.58681
20.53079 9.76247
24.29721 8.34019
3.31961 7.74115
19.41083 10.15971
18.49576 9.56047
20.32288 9.39281
20.33855 11.02623
24.53654 8.53854
25.27724 7.85934
17.66823 9.84312
15.63155 6.05303
14.63427 4.33774
25.25075 5.93651
17.13718 9.31185
3.76883 7.21247
22.09487 9.92783
21.44942 10.73114
5.71816 6.43087
18.38166 9.84684
24.91947 7.54495
24.04495 8.15865
14.52126 7.03877
21.27864 9.57428
15.12599 4.78895
24.39349 7.10104
4.80043 6.65411
20.89493 10.12875
18.45459 10.38788
24.25112 8.23076
21.23497 10.59820
18.25204 9.57127
15.00139 7.29307
5.26823 7.03853
6.32767 6.46472
25.92367 6.60440
25.07391 6.64229
6.74881 7.42880
18.08606 9.97408
19.76800 10.99810
3.63699 7.64776
26.40207 6.39455
15.35245 8.69234
25.53497 6.42823
3.87140 6.45510
15.85958 10.60513
25.52022 6.48595
24.44027 7.52421
19.18566 9.97909
16.18778 5.14661
24.67496 6.64294
20.20213 9.34953
23.68378 9.73045
25.02453 7.28375
13.34591 8.29393
2.08036 7.50436
5.90000 7.00934
26.29705 6.99268
18.14869 9.38677
15.56003 8.42745
23.64970 7.01348
4.52584 6.30337
15.44244 5.90849
15.50351 8.33917
25.03153 6.15083
13.67761 5.10516
7.38858 7.51395
14.98241 5.45770
7.83324 6.23255
6.97797 8.01298
15.56280 6.08370
14.59083 6.66193
14.71486 6.70595
18.90268 10.62611
3.00267 6.05465
22.11329 9.15752
19.34024 10.12848
25.58481 5.89941
24.47823 7.25785
18.05714 10.33381
15.27337 7.07219
23.37301 6.88300
16.16195 4.06171
6.39074 7.23857
4.11869 6.95805
14.85658 7.65544
4.07654 7.05162
16.43614 6.09193
25.69107 8.01527
16.50543 5.35346
19.44749 8.87245
25.59702 8.01743
6.44640 6.87891
8.65217 6.61045
16.36470 4.78691
6.07300 6.94339
24.23014 6.75485
3.44355 6.89720
24.37448 7.09021
7.39100 6.47918
23.14946 7.02576
24.32341 7.82936
15.43673 7.14023
24.04663 7.29029
24.63917 7.51666
15.03531 10.50115
4.75961 6.94130
15.98910 4.68463
5.20141 5.93975
15.12906 7.81596
19.79137 9.45298
25.28055 6.57975
4.81037 7.07070
19.43808 10.22501
22.86817 6.96335
19.08849 9.35842
25.35647 7.79398
25.02130 8.04510
19.88801 9.62349
25.02114 6.43351
15.27458 7.56339
8.18803 7.35207
8.35566 5.88493
15.83508 8.37341
24.91952 6.76900
25.62741 6.34040
5.38236 7.40679
18.63161 10.11651
5.81470 6.67121
19.21448 9.61834
25.41105 6.18993
6.72368 6.21199
4.42351 6.68259
3.00257 6.23681
15.08179 6.22957
15.21874 6.85717
3.17737 5.44974
14.79070 6.41724
4.16074 6.45212
16.26578 4.22113
5.62114 7.00368
24.78981 7.42027
25.75189 6.53219
24.21979 7.23702
24.63992 7.09017
15.22333 7.47999
22.30223 9.49685
5.43191 6.72216
24.84123 6.42712
19.03548 10.82100
22.73367 10.46441
24.88854 7.25415
6.63008 7.22466
19.35641 9.40122
15.59738 5.55425
14.92272 5.46250
20.16252 10.34295
25.90966 7.94615
24.41830 7.85128
20.82063 9.49916
16.04471 7.52795
25.72828 7.58456
21.66654 9.36764
6.22298 6.98292
6.42665 7.74933
13.96064 7.46090
26.01435 6.83180
24.60615 6.48347
18.61174 10.26351
5.42253 6.50015
6.35934 7.53569
18.72690 9.18475
4.70093 7.79422
24.92166 7.35196
4.04536 7.23676
14.59027 4.75650
21.60777 9.20727
3.22236 6.09104
4.85983 7.87659
15.47763 9.74711
24.63657 7.98280
8.26318 7.08351
13.55800 6.60968
21.36515 9.48583
24.45779 7.28586
15.79229 8.52886
7.19964 7.22167
20.29256 10.37499
18.63859 9.81948
15.80186 8.86962
25.40458 7.51410
19.95149 10.35487
2.22723 7.49183
4.18690 8.86648
19.29006 10.16604
6.93938 6.64028
7.89752 7.01849
13.84124 6.28634
16.11062 4.47778
15.70660 5.52811
16.71804 9.45814
25.14536 7.00826
6.02639 7.21107
20.61921 9.64759
14.45274 7.11573
9.03612 6.90594
14.24203 5.02940
14.68988 5.12904
7.58397 6.91597
4.63700 6.53271
20.01848 10.30187
18.35998 9.28176
14.69834 7.85642
24.55177 6.76143
19.86686 10.05214
23.38489 6.92251
13.32613 3.63306
26.02947 6.93170
18.30650 9.91926
22.02126 10.06558
6.00291 6.75349
20.50731 9.33318
17.10130 10.60005
24.86451 7.11023
24.25555 6.92641
26.80134 6.37955
19.13214 9.74177
14.23442 4.97820
18.90148 11.00208
14.31856 6.94329
14.59425 4.86335
23.18332 6.98328
24.72485 6.70685
19.65738 9.45124
16.06219 11.44074
5.58581 6.94830
24.98252 6.14044
24.49827 6.93218
24.99564 6.27865
24.36781 6.82005
20.26350 10.60895
15.42769 8.83337
19.43874 10.12071
24.84136 5.44820
6.16646 6.90751
15.18073 7.58857
3.30827 7.25761
20.34089 10.58027
3.23361 7.50667
24.83641 7.40704
25.36138 7.49986
20.52106 9.20185
25.59389 5.24284
24.71478 6.22507
15.08467 6.61382
25.08741 5.58788
24.86102 7.40060
5.52926 7.37352
21.70357 10.37653
21.16732 10.42590
24.74053 5.49793
14.16300 4.61102
24.88963 5.75718
21.19452 9.45504
19.02054 9.53059
14.51255 4.24904
20.35776 10.11194
15.30673 5.03149
3.65790 7.26753
18.73570 9.02834
15.02390 6.53721
4.80833 6.78897
13.42321 8.22711
25.49837 7.90350
25.10393 7.91152
18.74718 10.41294
15.50879 7.30160
6.62446 6.98819
21.62378 8.97204
3.82229 7.52621
4.06026 6.72147
16.09572 7.70167
22.14031 10.03664
7.42463 6.78946
24.94826 7.01313
19.17750 9.97153
15.65026 5.67990
24.53048 7.74695
1.50271 6.47964
14.81879 9.52459
7.20705 6.51275
14.90508 8.01614
14.10611 7.65995
22.48431 10.05958
25.74547 5.77630
18.76031 10.38686
21.90546 9.69586
24.16666 6.74271
2.57730 6.93868
14.55920 2.83490
24.76365 5.14837
3.80282 7.72362
25.22451 7.38684
4.44742 6.84437
23.78702 6.62894
25.76314 6.84044
14.55167 8.36685
25.14419 6.88044
21.80205 9.45779
22.14234 10.00662
15.72131 5.11574
25.25776 7.34025
15.22125 6.06940
2.83627 7.00764
5.05840 6.35877
4.96547 7.56375
4.70141 6.79371
19.22089 9.42559
15.25735 6.67612
20.74010 9.91843
19.99780 9.44739
14.15130 6.05347
26.21374 6.82755
25.28781 6.03328
24.57140 5.86752
24.74249 7.10920
15.35578 8.52046
20.87655 10.42864
14.38516 9.20845
3.56060 7.45596
23.30279 6.90504
3.91931 8.25521
4.72291 6.13544
15.51587 9.44810
15.40459 7.63560
26.05060 5.95988
3.90186 5.87513
5.41401 7.58166
20.87516 10.71166
13.72436 6.12785
15.70996 6.79229
25.63642 8.05441
19.04985 9.77845
17.59012 10.17370
24.51277 8.21440
13.99151 9.18554
17.74414 10.33824
14.36124 4.20488
19.88040 9.72186
24.58353 7.23447
23.54004 7.05368
24.66195 6.23848
3.15598 6.65004
6.11078 7.25885
23.89577 6.49877
25.47356 7.29199
4.21161 6.37125
19.93289 9.21497
15.53090 0.75636
5.09163 7.17254
14.70102 8.19681
15.69621 4.38326
4.04927 7.66998
5.47966 7.16032
17.62313 9.71924
25.80605 8.02768
18.10722 10.20917
20.47785 9.36093
22.06769 11.17614
25.31843 6.21402
17.38667 10.71041
4.87204 7.21247
6.58685 6.20146
15.05755 4.14573
23.73319 10.78889
18.70555 9.87630
19.96737 10.57446
24.81028 7.06469
18.25693 9.86208
21.26725 9.88843
24.79205 6.77249
6.63592 6.87512
24.53250 7.26591
24.58321 6.80906
4.59894 7.24548
24.43810 7.65201
25.10480 6.92663
14.08902 7.13809
20.46151 10.71416
15.04282 7.70566
25.20016 5.61498
21.21358 9.56388
24.98828 6.50457
15.18710 7.67668
19.57965 10.58065
6.86566 7.97230
14.39191 6.04146
26.48206 6.16921
20.46844 9.96110
16.03897 8.27168
14.80942 6.86783
14.52026 7.20708
5.66644 7.31816
15.11339 5.23194
6.78577 6.67455
21.71309 9.79832
16.18920 5.12648
6.03403 6.65762
6.32466 6.64272
25.71447 7.32774
18.34334 9.93439
14.78817 8.84341
16.44821 7.63482
5.70908 6.13773
20.13290 10.46869
25.06190 8.23245
2.36291 7.33685
25.07765 7.68772
15.67220 4.69162
20.26719 10.85288
20.16063 9.56471
23.76705 9.92920
6.35478 7.62760
14.24749 2.74563
14.68548 8.84244
4.51643 7.30352
6.48320 6.74559
23.62718 7.02285
23.34801 7.03782
15.48662 5.48930
17.52950 10.02026
23.73793 6.84206
3.52057 7.22038
14.59874 9.96247
14.36696 7.74915
5.13035 6.23306
24.91179 7.01158
5.10453 6.69800
20.61737 9.79571
24.54410 4.94664
23.76205 6.63290
25.86423 6.18233
5.82603 7.13112
25.19540 7.04731
16.94086 9.51640
4.82656 5.99125
13.39057 6.64895
15.32600 7.77760
4.80376 6.98872
4.67357 8.35289
14.01089 8.40402
25.04229 6.76912
5.33096 6.87128
20.50026 10.30442
24.51734 7.99386
22.67592 7.36334
18.55487 10.87584
20.11854 10.24000
15.55818 7.84290
15.22681 11.24310
19.93406 10.31371
4.76539 7.31613
25.84112 8.13012
23.89223 7.69352
21.74969 10.46052
25.69049 5.62327
25.95855 6.99155
2.32138 6.30563
15.65300 6.99996
15.67374 6.86237
22.12030 9.71860
4.95812 6.61709
21.31786 10.56975
18.62806 10.07018
27.05671 6.82806
19.40625 10.19603
24.56931 6.72009
4.73224 6.65787
25.96014 7.41867
20.44600 9.65272
26.37838 6.12048
3.34522 7.02674
4.98029 6.95464
26.16194 7.71949
4.67285 7.87080
1.61200 6.51561
14.98929 6.55283
1.65938 6.51654
25.21134 7.17757
19.66907 9.48869
24.73757 6.22590
14.79407 2.20009
15.68930 7.95811
25.34878 6.90839
5.59951 6.84582
22.48014 10.49578
15.14879 6.27550
19.41564 10.93503
25.10362 6.98526
5.41175 6.50099
2.59752 6.85145
4.23089 7.31179
5.96845 7.42558
16.04271 3.16384
26.39683 7.17890
18.94387 10.35050
19.07651 9.67026
24.86188 7.40287
8.52279 6.85602
19.82916 10.32038
25.83738 7.26908
26.84851 7.56437
2.88415 6.62441
4.89984 7.43807
3.42955 7.04750
21.54278 9.55552
3.98953 6.71611
23.56809 7.15182
21.52641 10.06712
24.31931 6.35653
18.82573 8.60788
5.93917 7.30235
25.32654 5.77293
24.94424 7.13774
14.86660 6.76483
4.17790 7.42160
24.62331 6.44898
15.11620 5.60809
3.04397 6.95681
2.55453 7.14934
23.96919 6.74001
5.59470 6.63598
22.18858 10.44120
25.04564 5.52422
16.37720 5.19294
25.52714 6.65198
3.65219 6.70537
21.66976 9.43644
4.61401 6.52068
1.50069 5.83144
8.13104 7.18960
5.81706 6.91953
27.09631 7.62177
15.84235 11.95523
21.03945 9.89154
26.02459 6.17418
24.80333 8.13773
3.35038 6.16109
23.86930 6.28591
15.20020 4.19213
17.77439 10.34066
18.42437 9.92136
15.11067 5.16563
15.43160 11.04277
22.20391 10.11826
24.94869 6.89872
6.35727 7.57904
15.46619 5.75572
7.74764 5.71026
27.06304 6.62306
25.02367 6.20519
24.88174 7.60131
19.38430 10.65930
9.17066 6.54646
15.71119 6.87488
14.07323 6.19189
18.85824 10.98622
21.88289 9.30160
24.79568 6.32416
4.57547 7.34373
14.67269 5.98569
25.55169 6.80070
21.50449 10.11884
19.80000 9.02355
25.44023 5.36359
15.57078 5.99337
4.75967 7.49302
20.53150 9.44176
18.79977 10.37885
25.24577 5.38959
14.17286 5.06690
19.30751 9.51909
2.49766 6.26853
22.49099 11.07031
15.21913 5.90210
14.71477 8.12389
7.03828 7.75913
23.99486 7.27401
21.04111 9.83710
24.81442 6.63705
24.39504 6.85467
22.36490 10.01167
19.31842 9.26908
17.96535 10.04261
13.98737 8.88839
24.41078 7.23899
25.56400 6.20455
15.07647 5.34568
4.68907 6.71747
13.76513 7.00015
24.13145 7.16784
23.51121 7.07004
14.75606 5.28002
14.09671 12.40285
13.80294 7.92438
26.91210 6.07957
24.27212 7.55470
15.58593 4.41743
15.45521 7.49459
15.24364 8.82912
25.12533 5.60767
7.09110 7.10741
0.51989 6.81970
16.07065 6.18321
14.39651 6.36825
25.67015 8.21500
15.09170 6.81673
4.38329 6.30774
3.63465 6.56088
13.95883 7.28780
21.03928 10.38538
20.85575 9.56987
13.80120 7.92337
19.73233 9.62726
21.26815 10.41157
2.06148 7.46067
15.20360 3.22575
17.71507 10.08714
25.71236 7.53649
4.39990 6.01720
14.49098 5.93223
24.81456 5.81307
22.75100 10.18935
26.47403 8.13895
24.75985 7.21480
5.14180 6.79852
25.49284 7.91753
0.73886 6.36037
4.38229 6.50781
14.06586 8.59201
15.83855 8.41750
15.06949 4.10976
19.66583 9.47827
25.69373 8.01906
2.87710 6.93100
20.59853 9.63752
18.30506 9.52799
1.61895 7.04895
16.75764 4.52072
13.77336 4.98160
3.10784 7.08967
4.18698 7.55103
24.30560 7.47391
17.85067 9.97550
25.55252 6.46803
14.01563 9.49955
21.61058 10.16568
21.99811 10.19673
2.41741 6.70144
24.66650 7.70389
25.83985 6.94232
16.40584 3.12674
24.32815 6.92864
15.92912 7.46266
6.35483 6.78498
15.44269 7.48060
14.82492 4.85307
20.80458 10.42216
25.30318 6.75623
23.66844 6.49194
7.49193 7.22856
14.29295 6.74979
1.27444 6.46396
15.91441 7.60412
19.69321 10.86325
14.31254 4.75911
5.53304 7.74006
25.58912 7.02591
18.99846 9.57745
24.98631 6.51020
25.33891 7.79774
2.01087 6.72387
19.82114 10.69888
4.95102 8.14580
15.74163 6.51878
21.39419 10.67879
25.96289 7.33842
14.29955 7.22358
25.06261 5.94293
25.61851 8.79022
21.89646 10.28235
4.14892 7.31283
24.99573 5.71779
3.34066 7.36926
15.73880 9.22548
14.95100 7.64719
24.83844 6.70288
3.08940 7.39816
5.24889 6.54336
26.18962 7.42885
4.16437 7.80851
18.36689 9.88167
25.36265 8.90382
20.76331 10.74404
5.87257 7.89397
15.31105 5.18632
26.23055 7.70650
19.22078 9.93279
24.87763 7.34195
24.64734 7.20073
15.83003 6.03308
19.76921 9.51968
15.91259 8.41030
3.96382 7.48058
22.38115 10.80312
14.58689 5.70111
20.39341 9.43710
1.25275 7.35384
23.86613 7.71399
23.98145 8.87250
14.16133 6.34954
25.46252 6.28543
14.05629 6.07817
6.94282 7.28567
25.84271 7.45585
19.60526 9.38210
19.11154 9.21652
6.27014 7.24620
23.79721 10.44907
15.60746 5.71598
4.32495 7.54211
14.19740 7.39672
17.94716 10.18157
25.25830 6.91188
15.67060 6.15976
24.78094 7.40211
3.28761 7.90026
14.80817 8.42707
7.28097 6.82460
15.77581 1.44434
15.90852 6.32530
17.91997 9.22725
13.51251 6.43712
5.52028 6.76222
5.61409 7.16580
25.09430 6.50664
7.46878 7.21927
4.90075 6.54496
3.93113 7.16653
5.62880 6.40814
20.61811 8.91917
22.21798 10.89670
5.00014 5.75567
20.44478 9.77785
5.39637 7.00531
24.26169 7.08498
24.29196 6.73685
18.59096 9.28460
3.07713 7.32448
20.22402 9.54721
14.69189 7.39245
23.83925 5.62427
23.11685 9.18222
21.10398 9.98430
24.07869 6.88725
4.88984 6.80760
23.84173 5.80021
14.85842 9.32302
19.66731 9.37419
20.48135 10.34320
7.79758 7.53576
15.18894 6.72776
13.81479 8.76187
20.56402 10.32929
21.16233 9.09120
3.70793 5.94413
14.99005 7.76080
14.76514 6.48577
25.09105 6.95737
7.79686 6.21821
5.73345 7.47403
12.63150 3.63347
19.72815 9.54764
5.01729 6.14015
24.81094 6.92081
24.24808 6.07529
5.26569 6.60707
15.67430 11.46874
3.62318 7.72826
25.79287 7.68337
16.01013 6.31188
16.74979 9.45493
14.35688 3.78127
13.25394 2.78124
18.28402 9.38733
20.91025 9.82662
25.78725 6.54635
25.06580 7.07219
8.85393 7.59282
14.62945 9.24524
15.88135 7.52286
15.20638 6.55754
20.54678 9.93036
19.28419 9.04785
5.25178 6.66500
25.60412 7.12408
25.57935 6.67688
5.74742 7.36720
19.15097 9.34569
16.47870 9.07621
6.34551 7.96391
26.63559 8.35034
2.93407 6.15738
24.89091 6.13683
26.25918 6.87492
14.94551 6.89402
21.35987 10.10633
15.29750 5.05952
5.18852 7.36462
6.11841 7.13422
23.01481 10.31514
3.27870 7.44757
15.19703 4.83611
18.16690 9.30221
4.65307 7.23929
24.67041 7.11441
24.12927 7.91226
18.54625 9.24746
15.09080 4.06062
25.08778 7.42808
16.72291 9.65268
25.43882 7.47127
5.53616 6.42043
5.62139 8.20030
3.91755 7.46763
15.14235 8.42968
25.27810 6.17200
13.78063 14.07932
21.38758 8.86425
20.15383 9.35071
25.33202 6.43905
3.94922 7.50652
3.45010 6.29557
14.20028 4.95245
26.08931 7.50201
25.88942 8.29645
6.04362 6.44996
2.52924 6.63575
15.49621 8.15594
24.70195 8.17134
5.91349 8.93813
25.05950 7.48173
25.83317 8.67485
14.73857 5.71780
20.51419 9.35467
4.77403 7.17925
19.42428 8.59021
4.45012 7.13540
24.87009 7.25148
4.63992 7.25216
21.12440 9.56024
16.19453 9.11451
4.72783 6.07345
6.69440 7.14250
24.86578 6.65567
23.87258 6.29703
15.11676 7.78717
14.43490 4.68612
25.48952 6.24782
6.95907 6.94480
15.02212 5.99078
4.32257 7.32737
25.51161 5.96121
24.40661 7.14081
19.72820 10.27167
25.76291 6.63705
18.15303 8.89066
15.82406 4.28850
22.14471 10.01513
24.85747 7.22747
14.45530 7.80731
24.90015 6.50031
4.14445 7.30589
14.40778 8.43321
14.23704 9.63176
4.81032 7.28069
19.36316 10.29473
14.44944 8.00697
12.90507 5.24476
23.76824 7.79612
15.74062 9.62956
15.59702 9.75553
6.96167 6.42610
5.23983 7.07680
14.84540 4.79305
21.09104 9.49507
25.88797 6.81369
6.77313 7.71508
6.18931 7.85673
18.17783 10.48135
24.85603 7.35803
24.88525 5.65265
15.16719 9.11138
16.78932 10.40476
4.33099 6.93900
25.07737 7.00835
18.06415 10.76989
6.84536 7.33814
19.48732 10.03264
5.14345 6.63645
13.78053 5.44981
6.14047 6.84047
14.79002 6.37662
20.24783 10.48520
15.90222 4.36595
2.53611 7.56820
26.19641 5.82236
15.62627 7.86566
19.01559 10.44913
25.02465 6.01303
25.56545 5.79408
14.79811 9.77861
4.56976 8.06278
18.89931 9.41286
6.52651 6.44357
19.43937 10.29787
20.59556 9.32112
4.17086 7.16861
14.76217 9.11994
19.03105 9.20951
18.23446 9.64461
4.46257 6.82000
25.65930 7.78945
14.40939 6.50884
14.02806 5.90410
24.72349 8.39031
6.26363 7.82398
15.88422 8.67537
5.82597 7.68470
25.61691 5.73722
15.63950 10.23305
25.62634 6.88780
21.86080 9.22882
3.13223 7.14606
24.44933 6.90062
14.19081 8.58806
14.66866 10.30245
21.06553 9.29781
15.35565 8.89959
6.59978 6.57876
25.76906 7.07837
16.08538 9.56969
3.56159 8.33355
3.94189 6.85119
26.16690 6.46226
20.50245 10.00967
24.17095 6.96571
3.72393 7.52197
7.07393 6.81195
13.82129 5.91759
21.86094 9.93516
25.41066 7.46349
15.17229 10.47277
24.11248 7.16661
14.10227 6.29673
24.68302 7.11899
19.52238 9.73639
23.46052 6.18378
15.34620 7.28933
24.85228 7.85790
14.26127 9.65366
5.71985 6.92305
2.00266 8.02152
16.15299 2.57409
25.16526 7.60917
14.53459 8.82386
3.46770 6.59557
2.86576 7.32598
21.98104 10.66168
14.48182 5.00280
3.95596 6.99631
25.31877 7.76822
25.37486 7.48555
15.93230 10.63490
3.82982 6.71327
18.95402 9.70186
7.53559 6.14518
4.79663 7.54812
16.17191 4.05822
25.10496 6.59338
18.04666 10.61233
25.19802 7.09309
14.18627 5.98001
24.63840 8.36977
24.01011 6.99977
25.01043 7.83253
4.84320 6.92016
17.70686 10.00200
6.57320 6.91003
19.39806 9.81782
24.85556 6.32992
21.36537 9.46885
5.04022 7.39828
4.22090 6.57331
19.81666 10.00175
3.10801 7.18795
6.26298 7.68540
15.53732 9.35323
25.13986 7.01368
15.26917 5.81663
7.03477 6.62203
15.77902 9.57420
19.06456 10.46274
15.29507 8.40348
5.58800 6.70777
25.54651 6.70006
24.19099 7.16421
2.57325 6.36082
13.84540 7.62134
4.50300 7.29392
15.48525 6.25336
21.29176 9.81941
24.14555 6.30971
15.34402 6.39439
23.44734 9.88636
23.62032 7.17818
24.71261 7.56919
20.77518 9.74452
20.88149 10.23532
25.84293 8.06687
18.81897 9.42177
21.56389 10.12451
7.72498 7.15785
19.52573 10.18319
14.54217 3.12196
26.39269 5.59534
14.81888 6.60364
25.45864 6.85519
20.66461 10.14486
15.67907 5.52794
16.59205 10.07327
3.37456 6.00889
6.00115 8.27231
4.99413 6.83408
16.17228 6.15929
24.11726 6.88407
25.39409 7.39509
7.79395 6.68559
24.92061 8.27946
21.64440 10.53996
14.65980 6.26044
19.88378 9.91742
25.78098 7.92340
20.26054 9.73826
14.61914 6.64695
17.76490 10.32886
15.00272 4.26634
13.72215 4.37310
19.74088 9.58232
2.09814 6.25535
15.61849 6.34305
14.84602 7.09492
21.44445 10.25724
4.06505 6.24163
19.30520 10.46579
14.92378 7.14787
5.50727 7.00220
13.86557 9.51325
4.53894 6.31575
7.20526 7.28093
24.04211 8.14399
18.34934 10.25164
2.74324 7.26186
25.13973 8.06977
17.97562 4.77102
21.39733 10.18341
4.19517 6.22197
14.81939 5.11588
25.31325 6.05004
4.95410 6.13653
6.69588 6.30161
19.52296 9.39644
16.39522 7.19023
2.87118 6.35981
15.18977 6.20054
19.76815 9.99055
25.42935 6.01221
21.58205 10.18370
18.71373 8.84602
21.65910 9.89473
26.86307 7.71172
23.88703 7.41993
23.84674 7.10111
14.84830 7.77516
5.32300 8.07018
7.09121 6.65891
2.31300 7.10624
18.49698 9.68347
19.25814 9.80606
25.07330 6.68559
4.13638 6.82890
21.00868 9.74800
25.23386 6.34509
25.72576 7.74913
20.28480 10.49471
18.47790 9.66102
18.91768 9.60240
16.33756 6.81773
18.17450 10.93179
3.49020 6.92206
22.41648 9.77196
2.61550 7.31068
24.70879 6.95754
24.71682 6.74756
15.39016 10.44913
20.71820 10.71222
19.54849 9.09589
20.03070 9.70959
21.51126 10.97156
19.68998 9.32955
24.88606 7.36731
20.37129 9.98526
25.55349 7.27461
5.16538 6.95872
15.34268 9.60369
4.15337 7.86668
20.01453 10.40726
25.01225 5.33671
24.21440 6.86828
4.46082 7.29745
23.28672 10.38988
19.82223 10.13970
19.97032 10.07905
3.39222 7.55281
24.44840 7.94636
15.57645 5.02641
26.21523 5.75523
20.49373 9.00812
7.50200 7.35258
24.71251 7.34783
14.92028 9.14944
2.63269 6.72517
15.10741 7.12422
4.60253 7.37523
20.39237 9.96351
3.17628 6.84360
4.23873 6.60443
18.91543 11.10124
25.35306 6.03407
24.75048 6.34184
15.00029 10.62907
4.29915 6.42412
25.31734 7.69893
16.48632 9.73125
25.75579 6.65132
19.33656 9.49163
3.38738 7.37904
25.81620 7.84872
4.11686 7.04957
24.80453 6.14037
25.27976 6.90668
22.00618 9.59809
13.84498 7.85037
20.23649 10.54449
20.14180 10.18092
19.15918 9.89431
25.05624 5.45316
21.37215 10.23435
23.99572 8.08076
15.69864 6.56078
16.98776 9.97687
25.61154 6.96772
4.95102 7.05412
22.79634 9.39542
5.46906 6.80418
6.03597 6.48089
15.68019 5.64519
24.46180 7.69099
19.76207 10.34529
14.73429 9.33800
4.52949 6.74248
25.45655 7.87905
14.65892 6.57289
20.87128 9.90988
25.79319 7.59653
5.21501 7.20689
14.75310 9.83950
15.77108 9.25227
5.48381 7.89987
20.74339 9.75873
8.25644 6.28288
23.82287 7.14205
19.09497 9.81758
14.99972 5.29093
21.37288 10.54849
24.74685 6.35145
14.99289 6.27901
19.36348 9.55155
24.28248 7.06081
15.39848 7.12296
14.91875 9.18914
25.36736 8.44627
14.56140 9.40606
3.82583 7.05990
6.49587 7.25336
20.59472 9.29626
22.02870 10.42452
15.49141 7.41642
25.78380 7.18632
16.40852 7.75804
5.56869 6.61902
18.86745 10.36256
19.37813 9.20809
4.87154 7.09588
19.28310 9.66077
24.61224 8.44144
17.12605 9.62922
26.61668 7.55798
14.99237 6.34233
5.60653 6.58573
25.07927 6.60238
24.26904 5.83531
14.01751 6.14441
25.04395 8.48800
5.97184 7.81206
5.46060 6.90680
5.88197 6.48505
17.78419 10.82782
18.50705 9.45786
3.81000 7.45410
22.87470 10.15015
14.80374 6.85033
23.99271 6.81272
14.78761 8.10833
15.84430 5.87796
20.29728 10.24069
24.36849 7.23193
23.86521 10.43827
14.30308 8.83235
13.79065 6.65740
19.13971 9.23652
18.50290 9.86335
15.31492 8.42461
25.74577 6.32213
15.32004 7.32540
4.64247 7.05375
13.88610 8.83285
20.22008 10.18985
25.65851 5.24102
14.18168 10.55972
5.33271 6.79465
22.12588 10.07553
20.79143 10.36784
19.87962 10.32734
5.65044 7.00719
5.20084 6.14817
19.71976 9.37844
14.70408 6.69319
20.04985 10.52630
25.57713 7.81432
15.78630 6.29586
24.30220 6.80913
15.19769 5.19756
14.70958 6.57744
4.34270 7.16415
25.05218 7.52100
14.41439 5.26268
25.65884 6.96853
15.35565 6.37345
1.15920 7.03407
4.71788 6.64768
24.29148 6.12372
3.29947 6.16981
17.37635 9.47580
25.72447 7.00960
20.59109 9.76164
4.13645 5.72218
24.87505 6.19708
25.19688 8.38652
25.67197 7.33166
25.71830 7.03061
5.38062 7.09010
14.62466 6.74241
22.08624 10.48110
15.64186 2.99303
20.40189 10.05661
25.54361 7.67960
25.50944 7.72155
25.66425 6.93203
6.17349 6.91367
14.96141 6.70867
14.81220 3.80724
24.22114 6.85299
25.70600 6.51216
6.68711 6.68014
14.65615 6.30397
4.62085 7.79767
16.24151 7.32214
18.39784 10.02228
14.93038 5.73986
4.72892 5.94851
6.79445 7.55829
4.36750 8.66733
24.00695 7.39748
3.94447 7.26027
25.15634 6.34678
22.85413 10.09514
24.87221 7.02704
20.90523 9.68647
15.53713 5.46344
21.48053 10.77835
15.60647 9.08674
25.83093 6.80103
3.21316 6.80502
19.37009 10.06570
4.52714 6.93847
15.58588 7.08853
4.45031 7.67321
15.83828 9.96095
15.61011 7.51013
25.04096 7.26056
16.05589 10.11096
15.06815 9.24092
24.60067 8.49672
20.32048 9.90141
3.20862 5.99693
19.22102 9.86058
4.12880 7.38547
5.23437 6.66218
24.63546 5.77865
21.57298 10.21264
25.01321 6.93120
20.93010 9.72295
14.06752 7.01693
25.15690 7.67880
15.80363 4.52912
14.59980 6.74751
13.78468 6.29873
24.49468 7.40380
20.91863 10.21073
15.38816 6.45554
5.73234 6.23108
20.49337 10.12236
3.74225 6.75718
15.26824 1.59407
5.43082 7.49186
24.60694 7.50244
15.06991 6.97678
20.22970 9.61993
4.36602 6.80013
7.03500 7.01785
20.94891 9.78962
5.23849 6.50469
6.09670 7.63667
15.96757 2.77691
2.60771 6.29993
14.62816 8.71436
14.95102 9.28531
21.56486 9.23292
3.72452 6.56664
15.55880 9.59167
14.52412 8.30298
24.25960 6.97367
8.07251 6.01519
21.00636 9.53450
19.45103 10.57723
6.72777 6.38441
6.07199 7.81703
4.46491 7.54270
25.06371 7.80132
25.13842 6.57616
15.38878 8.62812
4.82997 7.41363
15.71347 6.54413
14.40016 4.97954
16.34560 7.22013
6.05925 7.03561
25.24592 6.02191
14.26134 6.79230
15.31164 5.53583
5.40868 7.22027
25.06620 6.17567
15.59918 9.66125
14.50544 7.38197
17.25451 10.28671
21.20521 9.78093
18.94611 10.60449
14.15198 7.12855
5.49918 7.00389
5.10210 7.14461
14.63426 4.79973
25.91185 7.05454
19.40299 9.79943
1.84261 7.00130
25.41686 6.68944
26.09556 6.99639
5.25056 7.33971
5.50065 6.18593
20.04925 9.92038
15.54882 3.09150
18.93820 10.10971
24.31503 5.09264
14.37652 7.33607
24.41528 6.51239
20.58265 10.24185
16.28080 10.04076
15.65810 6.43988
5.76377 7.23935
24.83481 7.52467
2.99261 6.46509
15.65096 5.80249
4.68944 6.59926
15.11928 9.59897
3.53247 7.24694
14.75004 8.31524
26.69315 6.50609
4.38604 6.54329
20.37479 10.55391
19.49055 9.00960
5.99660 6.44908
4.23369 8.79276
14.48425 10.67003
18.80228 10.15768
24.81139 7.43950
4.94232 7.16412
21.05095 10.82078
19.11762 10.52057
24.88936 8.66625
4.03891 6.75766
14.49131 7.73382
15.05836 7.84045
14.39887 6.67249
20.06382 9.47580
15.27410 9.17103
3.43456 6.84223
25.71603 6.62723
5.98314 6.20733
24.65459 8.69997
14.84518 8.33445
5.95022 7.18350
14.75572 6.76954
6.49320 6.34151
19.62079 10.11874
26.04885 7.83946
25.01494 7.28719
18.87375 10.34795
5.75922 6.38044
5.14701 7.44565
24.50439 8.45423
20.59090 10.25439
5.39229 7.14898
4.92374 7.14241
2.34113 6.94440
26.52130 8.39846
7.05719 7.06853
19.23675 9.75706
19.93649 10.24931
14.59936 3.92809
6.25055 6.11009
7.88919 6.55354
4.37464 8.53848
24.38405 7.05465
15.16637 7.25897
24.09615 7.10400
17.89983 9.31909
24.75743 6.15680
21.41958 10.10208
13.51905 8.19679
25.19999 5.59847
25.14329 6.76645
19.29408 9.99932
19.57891 9.39947
24.86699 8.02355
14.24535 8.35194
19.56830 9.80500
24.53926 7.86071
3.81985 6.97902
7.52702 7.88719
24.26693 6.89748
20.71338 9.94446
25.67529 6.41338
25.46531 6.25507
14.71375 7.84997
15.26953 9.09442
4.39936 6.32455
19.45752 10.17466
5.15789 7.35278
24.47398 7.44281
15.22030 7.69807
25.33770 7.00480
20.29534 9.97948
15.39164 5.75215
14.74479 9.91099
18.82299 9.77665
4.43524 7.38021
24.88977 6.36659
7.36654 7.45663
22.47361 9.71671
2.40664 6.58020
4.41441 6.06733
19.73944 10.18489
19.24409 10.32624
15.86888 8.70009
14.45588 8.85371
20.99300 10.13562
20.55601 9.94198
14.64042 4.54114
15.89746 6.78921
5.54023 5.91180
5.77313 7.01496
20.45365 9.93072
21.45583 10.68540
4.40678 6.86551
23.28787 10.11181
24.69098 6.65590
25.07887 6.67327
6.58364 6.78222
23.47747 6.60807
24.68107 7.63330
18.81307 9.46548
2.33933 6.70970
5.66268 6.41106
3.81423 6.75759
23.40305 6.64923
17.25964 9.46368
24.49164 7.75411
24.01866 7.53797
22.31774 10.20116
5.00096 7.76654
3.33267 8.31268
13.60526 7.85250
24.51470 7.71180
15.74438 8.68315
13.90287 6.49205
19.54530 9.70831
21.40043 9.76524
19.99570 10.39327
18.98699 9.95972
20.32600 9.09576
25.88771 7.61119
21.07948 9.74593
25.41741 6.38680
19.46132 9.94517
6.64882 7.09833
3.06924 8.20700
25.12870 7.45324
21.29924 10.05271
19.20823 10.18989
24.84013 6.21177
14.29966 7.19105
23.88586 6.56491
20.68766 10.51410
20.69182 10.13327
5.62958 7.77017
21.34474 10.61268
16.42680 8.49499
15.44256 12.11163
20.27566 9.67661
17.21450 10.59948
6.43733 7.05733
15.77239 6.95269
24.95165 7.30884
21.02024 9.11414
23.96080 7.07643
4.91924 6.67483
15.12006 6.56762
25.99908 7.38433
1.82174 7.26555
5.73602 6.48703
16.04657 8.18622
15.39428 5.24161
3.83021 6.28512
24.75501 6.73695
18.12462 9.72464
17.55578 10.21576
14.56882 9.40289
25.67515 7.70764
26.54383 5.81869
14.87227 5.29387
14.73847 5.48214
20.43128 9.53965
21.58614 10.07890
25.34096 7.22442
4.76131 7.55295
25.55321 5.87148
18.14092 9.16209
24.57615 8.42847
6.15688 6.29975
2.63549 8.21356
4.13524 7.16332
24.46279 7.46448
21.46613 9.72921
4.79061 6.37996
25.27235 7.62788
19.51037 11.33064
14.92775 6.39221
23.37855 6.90361
5.18694 7.10723
14.24523 8.69057
3.20051 7.50572
3.58855 6.22049
7.32424 7.37044
19.14116 10.04144
27.10746 7.69805
6.32788 6.21622
19.94687 10.19529
23.67337 6.86506
14.18215 4.41543
20.93111 9.97306
20.38945 9.50506
24.85866 6.71402
17.79299 10.46715
21.45366 10.77323
14.65443 5.58829
18.34426 9.48566
5.53847 7.32632
16.11310 8.11213
25.50434 6.13421
15.13445 5.75063
24.82647 6.87137
6.50465 6.99407
15.61463 10.73209
15.17021 8.77744
5.27208 5.94394
22.89981 9.60117
23.86511 6.23346
4.50368 7.92172
25.81176 7.39708
13.24218 3.78304
24.78009 7.40989
5.23631 7.02881
2.83244 6.52894
3.64932 7.00333
15.46619 7.54522
14.93577 6.85416
14.36991 5.11110
18.05430 9.69353
24.71276 8.09856
18.53666 10.20890
19.89749 10.61728
15.74085 9.82425
24.78446 8.19627
20.58477 9.83835
2.93388 7.20677
25.05261 7.82948
24.27393 6.48031
4.73823 7.43555
21.09393 10.18863
12.84543 4.60447
19.70196 10.23459
19.45020 9.36158
13.64082 8.24552
5.48695 6.78570
24.02937 7.27741
15.59601 6.14593
24.61263 7.17668
6.04892 7.28534
16.36238 9.10355
21.65363 10.63139
2.70946 7.29726
15.20449 7.84620
3.84804 6.99271
6.41088 8.06989
26.17090 6.37654
3.38146 8.10362
14.67135 7.45487
18.77595 9.78226
3.04462 6.49405
25.06145 7.23445
7.81521 7.43305
13.64695 4.90909
14.64046 6.45875
13.59117 9.74839
4.17941 6.66875
19.99578 10.20185
21.03405 9.40660
5.34377 6.43747
4.76601 7.26826
14.74182 6.41637
3.44534 6.81856
6.00941 7.03227
6.25366 7.17986
15.67128 8.89751
5.33563 7.90177
5.99710 7.47247
5.70932 7.16164
26.36278 7.73890
25.01166 7.23089
25.14124 6.52900
15.45077 8.50177
19.50954 9.93989
24.14069 7.06146
17.67180 10.12464
5.45343 7.66518
24.74440 6.01051
14.43596 8.52615
2.82118 6.37308
5.26211 7.14321
15.67012 10.19222
21.25361 10.51345
15.50083 10.93915
16.23680 6.15197
5.54669 7.72464
24.92946 6.37088
15.16641 4.95925
25.82084 7.75308
0.91944 7.22988
25.20296 7.27317
15.61870 5.54925
14.75071 4.07005
22.20837 10.95582
21.61330 9.76561
14.51823 3.31597
8.01338 7.00915
14.98146 7.98142
13.11155 3.84669
19.20304 9.95705
5.21687 6.19533
5.39163 6.58553
14.63882 6.69373
15.44855 5.31263
4.91434 6.51331
17.54700 9.50814
17.52210 10.85601
20.21821 10.30594
25.38579 7.26327
15.17116 6.92219
18.95075 9.76344
6.17306 7.45394
4.23487 6.52209
3.98413 6.70591
20.99814 8.77156
5.32179 7.33255
4.59206 6.99014
5.18074 7.01582
1.52285 7.74283
5.15515 6.89118
4.14460 7.54901
13.71736 5.28830
19.46926 10.30972
23.91462 7.30365
20.51164 9.43830
6.23004 7.81716
3.06058 7.48441
21.00862 10.15317
25.19728 6.85500
20.35205 10.03095
19.23163 11.10145
20.81296 10.00465
15.63106 8.88548
21.23124 10.14603
23.69466 8.05408
23.66815 5.03272
15.20145 8.36307
25.34740 7.77889
14.24975 4.51548
20.06249 9.70130
4.49171 6.81442
15.48422 6.61234
15.47553 4.68925
5.50293 7.29034
25.17387 6.61231
14.99978 5.74605
6.53510 7.24165
18.95151 10.13761
23.61215 5.73468
5.44986 7.77660
6.49383 7.75146
5.67655 6.12033
25.69768 7.65173
16.36742 3.37079
15.91215 7.21806
14.99441 4.43728
25.09806 8.56269
15.15911 7.49994
22.77238 6.22670
5.74809 6.72602
15.15786 9.18170
4.36782 6.03836
25.47943 6.56127
23.79829 6.32599
15.21796 5.70733
14.24658 9.34940
6.53983 6.76624
14.80804 5.92333
5.84043 7.76899
22.22252 10.43930
19.06011 10.70599
15.75161 7.77424
15.81331 6.22591
19.72852 10.34790
14.87944 7.26213
25.65958 7.78669
25.30663 7.69453
3.75291 8.06052
24.83300 7.10160
14.53864 6.41822
20.37662 10.78018
16.86310 11.01612
15.48497 9.25514
6.08432 6.91699
24.76735 8.14373
19.89761 9.87936
5.17223 6.06333
24.96591 7.54194
15.06692 6.47500
15.23677 4.92408
19.35588 10.63376
5.59160 6.14317
21.93738 10.11170
6.49356 6.76437
18.87389 10.04257
19.32488 9.63131
21.82446 10.35198
24.56065 9.33390
4.41772 7.00532
4.26323 7.11932
23.65313 7.83537
18.84223 9.50120
15.99125 7.86413
19.93443 10.10573
3.38790 7.05245
14.96970 6.48241
25.72131 7.85308
25.71861 7.43407
2.71109 6.73124
4.13628 6.35566
14.07267 6.53563
7.71645 7.72088
16.50581 5.30190
26.21922 7.61685
5.19503 6.54452
15.67248 8.35823
19.03724 9.13059
20.21099 9.82874
17.86201 10.59298
24.47461 5.56070
14.26236 12.45054
24.25038 6.13886
18.93150 9.59681
20.63801 9.10577
19.70070 10.32263
5.65797 6.81698
20.08366 9.84500
14.16397 7.26222
14.76106 4.47627
3.01553 7.10746
14.32055 5.29836
14.00708 5.52053
14.97235 4.17414
24.71023 8.34271
14.34054 7.34493
26.00759 5.95907
4.40356 7.28032
25.69993 7.25196
7.03253 6.30242
19.67757 9.63825
24.43254 7.95728
14.24004 7.08277
25.39193 7.31400
19.09959 9.67384
21.36486 10.09038
4.15385 6.46565
24.19856 6.75433
24.88216 6.67174
24.37451 7.95671
18.33304 9.74655
21.12260 9.72086
15.89759 6.42114
8.06822 7.07247
14.72943 7.13900
4.85080 7.66093
23.58413 7.92811
21.17954 10.49272
20.01865 10.85046
2.25739 7.33135
15.19460 5.10277
15.42418 9.39118
7.14255 6.30236
15.61354 5.95976
23.55803 7.62299
14.65942 3.62107
15.50252 6.71025
15.15140 5.46877
3.55847 6.95631
18.12223 10.04976
25.55750 6.56540
19.32646 10.60677
14.07453 5.97010
14.38277 6.53589
16.82587 4.66000
25.27035 6.49611
13.83450 6.86319
15.25583 5.20880
15.75718 9.39207
4.38096 6.80389
15.80521 5.19097
21.59850 9.98486
25.34687 7.42284
18.48947 9.54762
21.60337 10.16774
3.61187 7.21052
3.55671 6.39635
14.72126 7.13238
14.53414 5.45565
5.43038 7.72233
9.32342 6.25404
13.67951 8.32808
21.53051 10.01634
24.86407 6.63140
15.37021 6.06451
14.01435 10.53385
26.77716 6.09778
24.21594 5.66043
3.60008 7.62887
5.93156 5.99604
3.33610 6.89142
5.62340 7.36061
20.38659 9.82640
6.72165 6.86809
25.26599 6.98719
24.87557 8.01562
19.24325 10.21254
14.35791 7.19788
24.21644 9.94970
18.22108 9.09902
15.78074 9.33952
15.11154 4.98178
15.26090 5.81646
19.36261 9.63933
25.39303 6.67441
15.04468 2.15123
18.53832 9.04916
18.35534 9.61044
5.69657 8.28769
13.73118 5.15941
14.68166 5.98488
3.85721 6.65002
25.30285 6.72439
26.09643 7.40803
6.09247 6.59778
21.37615 9.50165
4.91233 6.82615
14.95317 5.18523
6.97783 7.72188
19.92603 10.22860
6.00550 6.67031
14.72472 5.34692
16.18576 2.73014
15.50050 9.31861
21.48490 9.31297
25.30964 7.92694
4.26140 6.54223
25.78332 6.12216
4.65766 7.62948
24.49284 7.00071
15.92835 8.43452
22.17697 9.86102
17.50967 10.58106
24.76444 7.24599
16.23397 7.33294
21.82624 10.60280
5.26022 6.66018
19.97908 9.09963
14.30122 6.06720
4.93659 6.55262
1.70137 8.07998
5.19686 7.35904
19.32803 10.07134
25.32182 8.46414
14.39478 4.70938
24.22754 9.06035
3.69241 7.56730
5.39860 6.64005
14.87157 7.30531
25.21042 7.66144
16.90313 9.77993
25.45194 6.67314
6.23264 7.61416
25.31463 7.17295
6.52680 7.90546
25.78505 7.03549
25.69633 7.17310
16.36254 9.09871
19.45846 10.47001
14.12201 6.72042
7.24823 7.12527
4.08401 7.62501
15.69327 10.00356
23.75618 5.70690
15.20914 6.03194
6.87910 6.70762
20.43152 10.50153
25.02511 6.75479
19.24712 10.13584
15.75634 8.22197
20.07627 10.06873
14.05961 6.69593
4.52534 6.82240
6.82272 6.41524
15.79598 7.26159
20.71282 9.11939
25.31180 7.61929
18.61536 9.59328
26.70299 6.86384
5.34615 7.78640
26.44174 6.13133
14.15786 6.24068
2.85192 7.06478
26.68178 6.60798
18.95175 9.49806
4.83887 7.42643
18.88751 10.57786
20.97922 9.17287
20.39018 10.75609
16.13928 9.82834
24.12715 8.08560
15.48573 10.58431
15.38179 6.03886
23.92833 5.94703
21.25095 10.41608
7.09550 7.67508
20.86529 10.36871
5.81400 7.68315
25.19129 7.55436
4.01867 6.64013
20.10764 10.27470
15.51912 6.94953
25.72417 7.56026
25.33122 6.02911
25.50302 6.02678
17.00926 10.36322
25.03672 7.04543
6.87450 6.61479
4.46634 6.25434
24.44189 9.30926
20.08177 10.67991
20.07258 9.73375
26.13785 6.92604
16.74381 10.27121
25.87045 7.81650
14.75643 4.71646
16.69621 9.81371
5.64117 6.47389
4.83437 7.89147
15.60257 4.27106
13.85574 5.00234
4.91257 6.83158
23.21490 7.77248
6.48154 8.33770
15.10493 7.39979
24.31232 6.52907
18.68733 10.08860
25.55513 7.19321
6.57592 6.53070
20.81594 9.92823
5.27428 7.53988
3.68270 8.21464
5.98431 6.88710
25.51301 5.97509
25.31163 7.03557
15.32086 6.58884
23.97909 8.49697
15.44329 5.61937
13.41719 9.22600
16.00715 9.29016
24.74332 7.77181
4.83382 6.99993
19.13761 10.61943
14.03600 6.07896
6.52570 6.81705
18.01708 9.54519
20.20456 10.32095
20.80408 9.89942
14.61303 7.36696
15.56633 8.53983
25.20985 7.36641
15.93905 6.78795
13.95540 7.98911
14.31227 6.72476
2.75418 6.95492
26.81499 6.47280
18.89290 10.10248
5.43839 7.63693
24.49036 7.06755
4.43218 7.58891
18.45589 10.81042
4.36915 6.45013
15.46177 2.01659
13.82257 5.75780
0.04490 7.07460
15.70141 7.37032
0.52958 6.94774
24.35876 5.33326
19.22230 9.13609
23.57134 9.63307
18.79841 9.81469
15.23134 9.78503
18.36546 10.01518
4.38091 7.57260
18.70968 9.43563
24.62265 6.24742
18.48702 10.71678
23.78839 7.58857
24.49180 6.52969
25.51366 6.60725
19.55096 9.83883
24.58950 7.46594
6.10135 6.80652
4.03074 6.87110
23.79164 5.45675
4.82388 7.75634
23.89751 6.52561
19.80025 10.10900
15.37644 10.50787
25.64293 5.83154
3.28987 7.79402
19.83270 9.84327
17.82562 9.15626
24.37644 7.76220
4.34697 6.29008
15.15528 5.67434
23.74443 6.68520
15.39438 5.36264
24.45230 6.62684
26.30549 6.47186
20.98098 9.00444
15.19677 5.56228
25.37920 7.74193
19.21331 9.67473
15.89922 5.56991
26.52790 6.48199
15.61761 5.53400
5.34786 7.44013
24.42167 7.15371
23.05214 10.77920
19.69566 9.78630
15.06803 6.94120
15.00643 4.60244
14.18757 6.77414
23.10050 6.50727
2.91963 6.66231
15.09319 11.51946
15.19886 6.97275
20.28377 10.25070
6.56383 6.89865
21.82861 9.08526
13.84486 8.09904
23.56895 7.07854
6.16405 7.05353
20.05515 9.94643
0.48330 6.78822
13.65465 8.46059
5.03697 7.13765
3.45893 6.88131
19.85017 10.39453
24.87797 6.66010
6.59137 7.05254
14.29056 5.56156
5.10614 7.18261
24.75668 5.93797
5.28430 6.76427
15.40291 10.12445
21.08473 10.11573
25.35031 6.66183
24.90411 5.85476
19.52994 10.23959
24.46506 7.38315
15.23544 6.70462
24.05106 7.34777
18.69519 10.14203
15.03284 6.67898
15.28476 7.85171
16.18078 4.12945
25.01214 7.32903
24.76922 7.03772
15.82273 6.32432
24.38210 7.23102
20.40586 9.90405
15.43987 8.92750
14.77544 10.08183
25.07448 8.29976
20.39523 9.74233
25.50994 7.73922
20.69187 10.02887
5.41354 7.49255
14.95063 3.76500
21.32198 8.52286
20.21250 10.02752
16.28062 6.44304
1.49655 7.84318
13.68857 8.09728
20.86774 9.63756
16.00961 4.70398
20.35478 9.52281
15.30324 6.71383
4.00795 7.55070
21.46169 9.29991
15.77818 6.06698
15.08503 3.77120
23.80660 8.10648
15.20837 4.43957
24.93757 7.42453
19.72006 9.20956
14.60002 7.74078
25.36834 7.48046
2.33180 7.34833
15.81602 5.75928
25.07931 6.71390
6.51167 7.21122
25.63852 7.59183
24.61835 6.00133
17.67067 9.72817
4.30747 6.56281
19.71945 9.40270
7.47287 7.05458
20.64417 9.86657
15.52752 8.97157
4.23061 7.06316
17.50211 10.27792
18.91334 10.14658
25.62204 8.11087
15.16941 7.13912
18.97501 9.63277
22.55918 10.15619
15.11289 9.26979
21.90389 10.76190
21.26030 10.09782
19.05803 10.36565
24.65462 7.12458
15.29288 5.87525
14.01693 8.21450
18.90713 10.50267
15.72542 6.51891
20.97115 9.12372
4.69629 8.87966
25.12763 6.28806
15.98293 9.34907
3.77309 7.83126
15.32711 4.61339
14.88949 10.75607
25.48222 8.03365
23.33315 5.69267
5.10936 6.68270
24.76915 7.08123
15.11362 5.89320
1.96565 7.16487
16.10126 1.62962
25.09472 6.19541
20.48482 10.20615
5.89916 6.58224
26.20557 7.74204
5.19991 7.70461
20.58222 10.16438
7.16906 7.25985
24.09103 6.45640
4.49792 6.66229
6.24516 7.24653
24.67559 6.70481
14.59434 6.40723
6.87004 5.68558
24.35323 7.45407
25.17113 6.82009
13.72277 7.95946
18.24928 9.61452
18.00500 10.13247
14.69774 5.98879
15.16014 4.53119
21.63312 11.12913
14.55220 7.74354
14.33334 5.56576
5.91871 7.21818
5.86780 7.79730
24.49527 6.67947
14.12509 6.78831
2.98692 6.22677
4.76913 6.67017
25.35400 6.84193
21.14729 9.70810
5.16418 7.29463
24.38166 7.46598
18.76682 9.71742
15.29451 11.87834
15.15831 4.64425
26.05760 4.77509
2.71736 6.75823
15.54640 4.81084
24.42942 6.76648
5.47641 7.79006
3.68900 8.45069
22.38914 9.56526
20.36165 11.12007
18.44084 10.85816
15.26676 5.25220
19.81609 9.91556
19.45519 10.13232
25.71125 7.75541
14.29628 11.47297
23.89218 6.89997
14.76360 8.00350
3.93065 7.14539
5.18447 7.18225
14.35741 8.20077
19.99909 10.61263
25.32246 7.10097
19.07708 9.73140
4.57126 5.71179
26.33792 7.51717
13.10605 4.59491
20.90445 10.25387
13.93129 6.62177
5.34482 6.70735
15.02721 7.62419
15.65078 2.75992
2.28873 6.88573
25.00154 6.22549
20.65604 9.64398
25.43570 6.98518
6.92082 6.12566
20.85474 9.63646
15.44918 10.31676
24.59167 7.37843
24.54669 7.27267
15.37734 5.79292
15.91455 7.11310
15.30710 5.42167
21.10617 10.13189
14.49488 6.67144
15.86112 9.43510
25.33781 6.71669
21.32427 9.99018
6.10674 7.36987
6.46271 6.96583
5.95208 7.65327
24.33875 7.67701
18.96757 10.52807
