19.00293 10.19069
19.62113 9.56317
20.38122 9.45205
19.67044 10.78100
18.32003 9.22727
3.53625 7.27104
14.38053 9.14416
4.73615 7.33306
18.53769 9.66130
15.75207 7.81029
6.31641 7.74717
14.60484 6.84648
14.89128 4.82957
15.50342 9.55447
20.31042 9.94661
14.39251 8.23426
1.59546 6.51997
15.53232 9.05171
19.81381 9.84740
3.71820 7.28755
16.76821 7.95530
14.97701 5.66342
4.84413 7.31421
4.29468 8.03286
3.63688 6.88515
13.48607 11.38410
19.32374 9.53469
21.96950 10.10289
16.31596 10.28158
18.38898 9.25087
22.73926 9.78332
15.37142 6.66968
4.74372 7.50468
21.61451 9.89740
14.90789 5.36909
14.29426 9.81845
20.89280 9.71754
15.61964 7.15336
3.44362 6.76577
16.89308 3.73635
18.21634 10.36843
18.45858 11.07345
6.11162 6.81250
20.12523 10.07970
15.55115 7.03103
5.23107 7.42227
14.98902 5.99626
20.44049 10.31467
5.17202 7.48290
14.59976 7.93034
18.31945 10.37401
21.98972 9.90994
16.78127 6.98859
15.19051 10.30619
6.48192 6.26581
22.54490 9.92669
5.94773 7.61555
4.55719 7.81631
15.72602 7.99174
6.43643 6.33976
15.47536 6.56710
20.60453 10.29436
21.51906 9.18871
17.98333 9.81592
3.47910 6.36670
4.66660 8.07723
14.43043 4.07279
15.11324 6.20184
15.66913 7.80412
4.72494 6.54416
19.06429 9.42156
14.83825 8.07874
5.41482 6.97849
13.95379 8.79550
23.08458 10.53115
5.32407 7.24558
13.38501 8.05192
19.74202 9.16414
21.87804 10.55794
4.96760 5.78912
15.49016 8.32739
2.98091 6.47781
14.61381 7.42348
22.05271 10.80571
20.07871 9.14493
14.68352 4.45984
15.50618 10.91568
20.34128 10.31919
4.41923 8.17455
4.91622 7.29740
6.03877 6.91102
18.84575 9.71905
21.68382 9.56660
4.92240 7.54964
4.31887 7.10785
3.66837 6.49220
5.01370 7.14480
20.14232 10.16799
4.02537 6.62446
17.53825 9.90968
21.73993 9.70260
20.23730 9.64911
15.15825 8.32024
13.86631 3.03162
16.09937 4.20536
18.82660 9.97149
17.79754 10.25030
18.54351 10.08147
14.88439 8.52961
14.80413 5.10652
5.94314 5.86881
20.69138 10.44213
15.45732 7.87667
20.33377 10.10639
20.74507 10.43908
3.96917 7.84354
6.32861 5.86328
17.80992 9.96944
15.16352 9.52088
13.29360 3.37947
15.50959 7.06040
19.37085 10.57529
6.95679 7.72311
6.54398 6.83748
14.78015 5.41598
7.11971 5.71472
15.21031 7.33701
13.57201 8.26544
3.60655 7.40926
15.99868 9.65572
22.62297 9.53677
15.51857 9.38451
15.13326 9.00884
13.99462 9.48641
13.97905 9.72231
21.69140 9.73590
15.19540 6.65454
5.95295 6.70490
20.59802 10.10264
18.97376 10.06558
15.65328 3.72732
3.61889 7.15885
3.97560 7.19069
19.91191 9.77160
2.89844 7.57621
2.74902 6.08463
14.54388 9.07479
14.76744 8.25179
20.44196 10.30526
15.16504 5.63047
2.61406 7.05709
5.12761 6.73736
2.94616 6.76281
15.26223 7.39237
6.14665 7.31817
15.38033 9.28923
21.45127 9.85575
20.95512 10.81926
18.27251 9.62104
18.28927 8.61581
15.40433 5.18869
20.92315 10.68551
21.60797 9.77034
7.28740 7.66183
15.66855 7.70240
18.75802 9.80284
17.92849 8.84049
4.69807 7.20804
20.02028 9.33804
4.54931 7.94755
6.95581 7.41258
14.06247 4.95805
19.41722 9.25083
15.41193 6.78941
18.92119 9.57354
20.33772 10.41147
21.12485 10.70585
7.24653 7.13264
20.38614 10.18529
6.48115 6.07540
22.05286 9.14423
14.93777 5.95543
19.52213 10.01696
4.21201 6.23573
15.12110 6.00395
14.24887 6.13402
4.15514 8.34097
14.70695 8.25315
4.53016 7.01304
15.10167 6.66863
15.36901 6.50328
21.50641 9.71818
14.72587 8.75246
15.58509 4.83427
19.40299 10.21502
5.63813 6.38699
20.29301 9.57726
14.77445 5.52640
6.84641 6.97131
3.46509 6.95515
14.76853 8.57435
21.28262 9.60550
22.39259 10.41319
21.53396 10.64745
19.65382 10.20343
2.50750 7.38343
2.77188 6.93835
19.10276 10.06505
14.24910 8.24599
20.19291 9.92736
5.71146 7.21496
16.75155 10.43232
14.35176 6.47843
14.17996 10.55702
2.21886 7.29678
16.12001 5.29515
14.62614 9.11844
2.91599 7.06596
20.55417 10.62750
5.40031 7.26149
20.27742 9.27272
3.93414 6.82472
4.01562 6.65896
14.46405 9.13986
5.21112 6.13940
19.67880 9.41821
6.73289 7.41843
15.82789 6.69176
19.69574 9.82918
2.07036 6.50904
4.24753 7.19589
19.81508 9.42965
5.20401 5.81901
15.21757 3.39010
5.39932 6.85127
18.09472 10.59702
5.05491 6.52517
22.23038 10.78096
14.99372 11.25276
14.64690 4.01507
15.41602 8.30506
15.37556 10.14411
22.42833 10.68011
21.37469 10.12631
18.11483 9.18771
14.87476 4.36284
5.23117 7.16154
7.92556 7.01388
20.08627 9.99528
15.00571 6.96329
2.97399 6.88984
14.87810 7.13829
22.71962 10.06580
6.00358 6.84138
4.90670 6.85523
4.41966 7.33260
15.20146 8.64732
14.36977 6.19674
24.00755 9.28372
14.83392 6.27087
14.49595 9.49217
14.23614 9.32270
4.46104 7.45841
14.51101 5.16000
5.66440 6.27044
7.36515 7.18721
4.97458 6.97432
5.45752 6.91108
14.97412 3.84330
15.69055 5.41810
21.42079 10.05841
6.33408 7.12775
15.34731 6.22445
5.67005 7.50430
15.03303 3.59010
4.41324 6.06356
19.18143 9.78269
15.78722 11.51809
19.90166 10.75380
15.40072 3.55418
4.26887 6.12917
6.94270 6.07531
14.84862 8.51774
20.79981 9.71314
13.74912 4.39074
19.07942 10.35049
20.41281 9.79021
21.27021 9.67326
15.00136 7.57205
20.55291 9.64217
7.59703 7.72328
14.15510 8.16771
15.42498 8.30322
15.62667 6.14098
6.23048 7.57475
14.84947 8.53174
23.42494 9.83676
21.01432 10.20289
15.26349 7.15231
16.33079 4.53664
14.29623 7.16209
15.23763 4.69565
19.17551 9.92685
18.71720 10.93395
6.32895 7.23245
4.70148 6.13225
2.70650 6.23515
19.50611 10.87893
5.63977 6.12947
15.08438 7.74591
15.13821 4.05970
5.75998 7.16818
7.02128 6.00053
5.19582 7.53487
7.35802 6.44515
14.61233 8.95360
15.12568 6.96130
21.86061 10.01757
15.31033 7.40186
21.44116 9.63978
18.89692 10.77943
3.98530 6.20859
19.66845 10.30829
20.14206 10.30368
14.60537 4.55562
7.09662 6.61543
6.57421 7.88544
16.32545 10.50674
14.06101 5.27194
20.71268 10.66195
6.24125 7.68252
3.70261 6.17734
15.05346 10.16532
3.18389 6.64018
20.19301 9.79179
15.53559 5.49549
14.03586 8.56115
19.23731 11.26441
19.35221 9.79475
14.52982 6.72113
19.46593 10.11204
14.95866 10.00426
21.73871 9.30395
20.02229 9.81386
21.80344 10.90034
15.62727 7.74684
20.04569 10.10616
15.36881 9.51619
20.36809 9.65974
22.07187 10.26842
14.71632 6.08131
4.81854 8.09122
21.38519 10.12838
2.94472 6.95029
19.52050 10.03179
4.77859 8.03393
20.70342 9.93496
15.03561 4.59024
13.66166 3.70776
18.73777 9.97471
15.96582 5.88523
14.60450 7.50320
18.92673 8.92728
5.25989 6.59311
18.44738 10.66848
6.54828 6.75951
20.02101 10.06309
4.97396 6.89694
18.48384 9.31588
5.94309 7.70314
21.56022 9.90169
21.63007 9.70448
18.77543 11.02248
2.80841 6.47078
16.20335 6.75186
21.20244 9.84782
19.66601 9.53712
3.02315 6.59357
5.23501 5.80799
14.42270 9.11346
18.95754 10.28092
4.84993 6.63523
15.23936 7.73170
16.91839 10.76060
14.73338 6.51285
14.53810 7.40186
21.64223 9.66218
17.09124 9.15355
21.07795 10.02692
19.89369 10.28360
16.59859 3.68146
15.05956 9.40162
16.16636 6.42871
4.84989 6.53209
14.92928 7.12943
22.28909 10.97422
20.20144 10.39192
5.36434 7.35963
5.02253 6.39864
16.19386 9.51140
21.53555 9.76888
18.43603 9.47579
5.87309 6.07703
5.10916 5.91993
14.28917 8.29729
5.17635 7.33899
22.07277 10.08819
13.51307 6.37141
2.25860 8.03125
15.68996 8.61025
20.53664 9.99749
21.04748 9.42218
5.72384 7.70859
16.19632 5.60843
4.69975 7.59004
14.97216 5.80241
4.62597 7.94188
15.25292 9.49993
19.14915 9.91682
3.95122 6.83311
14.52045 6.11830
19.07041 9.52457
21.00395 10.41144
20.57858 9.38429
19.46238 11.31445
14.85445 5.50788
3.58019 6.60527
14.76981 6.50068
21.63122 9.82412
5.54728 6.45393
4.43383 7.66072
14.47829 3.77220
13.96490 9.07373
19.96147 9.70806
20.56153 10.92943
15.21196 7.29901
19.83966 10.01304
14.93325 7.27402
5.39178 8.19393
13.91177 8.62289
20.32645 9.48843
17.79936 9.80117
20.84635 9.71320
22.39214 9.99088
17.60854 9.73866
16.78856 8.31279
19.69067 10.30902
17.85568 9.26234
14.88673 8.76468
22.54836 9.58809
16.21602 9.06405
14.06160 4.54803
22.43399 10.48986
19.50847 8.90398
14.05253 6.84587
17.77464 9.44458
15.03343 5.87093
14.83775 4.12443
15.93576 5.97498
5.02587 7.64723
14.76209 6.56316
14.51529 8.13584
3.59140 6.87533
15.87778 5.72026
15.70255 6.40491
18.08741 10.55367
19.39141 10.06398
19.32956 9.22330
4.97674 7.38339
14.73329 8.14699
21.13985 9.44087
19.93300 10.27230
19.33125 9.89402
15.81773 5.28994
14.85050 6.53579
14.94718 7.78450
13.92133 5.78639
6.12021 6.86910
20.87127 9.04188
4.74689 5.84819
16.98023 10.66123
21.71854 9.99631
6.21176 5.39852
18.27214 11.16195
3.94467 5.51715
21.67952 9.75210
4.63577 6.30530
21.64267 9.94384
19.25640 10.76325
3.19791 7.65825
18.80393 10.35449
5.31759 6.44362
4.45307 6.89562
15.40200 8.02905
15.91522 7.22243
14.63048 8.55842
20.33516 10.72810
18.28041 9.39073
4.74510 7.20667
7.51817 7.11835
18.72600 9.45520
4.69662 7.81910
2.81552 6.01105
7.09799 7.29151
5.76594 6.49299
20.64242 9.59296
21.24581 10.74303
4.02948 7.20890
6.91249 7.31698
14.20670 5.47413
4.55582 7.37356
19.13214 9.25392
14.43220 9.86975
14.55734 3.93009
15.15988 6.99801
6.09550 6.13245
18.94457 10.09100
5.01305 8.08536
14.51406 6.19475
21.04487 9.71221
6.22817 7.25216
20.46855 9.21110
2.01420 6.67750
15.88138 5.02301
8.02976 6.48864
21.25634 10.29522
19.38581 10.07445
15.82779 7.92013
14.74238 6.52094
20.89021 10.02087
3.98483 6.81436
4.67912 7.35079
18.48037 9.44737
15.03571 6.13404
5.16445 7.53373
23.91199 10.25362
14.67605 5.86740
14.56022 6.39578
15.44373 5.00734
19.03688 9.61118
19.49830 9.25948
19.10959 9.10664
19.73359 10.13889
23.06427 9.81974
8.09527 7.02986
20.30025 10.13344
23.07185 9.44548
5.27879 6.25649
6.62088 7.46673
5.04738 6.33014
18.81455 10.36414
19.68430 10.10158
14.43983 6.26363
14.38128 9.49717
14.34100 6.15236
18.21788 10.08736
18.11765 9.69249
5.33424 6.19035
14.78711 7.25105
20.09363 10.17667
19.73777 10.60921
14.56564 7.90906
18.59207 10.69485
4.52507 6.71305
5.07682 6.51748
15.54426 8.86608
3.43727 7.70131
16.03775 6.62911
2.82761 7.29184
5.84803 7.49315
21.38523 9.77940
15.46834 3.25267
2.94523 7.42939
18.68852 10.48213
5.73319 7.55347
14.69088 4.01765
14.90833 9.89806
8.32009 6.79410
15.54016 10.06851
15.56873 12.17857
6.29979 6.88919
7.25653 7.04348
14.77971 7.71892
14.82602 4.57206
7.56561 6.70390
3.13552 6.41397
14.53465 9.25446
14.52259 10.20490
8.90236 7.83643
6.69487 7.41857
16.13691 6.04823
14.08054 5.71615
3.64693 7.17456
14.91481 6.99612
13.80584 3.24912
14.95875 4.05004
15.32490 9.68516
21.05874 9.14831
15.01152 4.84585
5.38930 7.42517
14.83816 8.29806
6.23514 7.11700
15.75714 4.97708
15.04115 7.79480
6.18505 6.24733
5.52779 7.22456
5.82982 6.95887
15.33094 5.47244
15.30121 5.55392
14.52515 5.46684
17.10533 9.27269
4.26519 6.77969
6.04676 6.59121
19.54306 9.94825
19.48137 9.81220
16.41466 7.66871
5.38473 6.98313
5.70351 6.58923
3.95607 8.64889
18.73989 9.80493
14.34178 7.94006
15.05157 4.32644
6.37602 6.45211
6.44341 6.47751
14.85410 8.73227
14.69505 6.98842
15.28702 4.47618
13.68901 9.02321
17.88353 10.14465
7.80257 6.43719
17.86665 9.92087
2.81886 7.04498
14.16391 7.50644
19.55802 10.67364
15.57936 4.85656
15.95114 6.05470
14.16442 11.89774
19.15161 9.42145
17.87305 9.84010
6.60597 7.26416
3.83211 7.00125
21.28492 10.55199
14.98440 8.10078
4.84546 7.70548
6.70569 7.54965
16.44163 4.45036
20.18699 10.49132
20.73316 9.75195
4.50399 7.02559
19.87334 10.05427
22.99736 10.58361
21.07089 10.90756
18.27115 6.66075
7.50931 7.19741
5.23843 7.08634
17.59892 9.29514
3.64809 7.48924
6.34338 7.56009
15.25408 7.47138
20.94567 10.08082
5.67973 6.38814
21.06762 10.84021
14.57019 7.56460
14.54397 6.59837
4.78204 7.81736
14.76964 10.99380
15.69330 11.76057
6.54419 7.32838
6.05877 6.51929
15.18751 10.74795
15.23130 6.96043
6.52458 6.82987
22.71398 9.98269
4.65638 7.26000
22.02645 10.04111
6.14853 6.91865
20.39479 10.50690
6.93472 6.88433
3.86986 6.81885
21.40598 9.76518
15.56887 6.32752
5.27574 7.11420
13.93712 10.29059
20.90357 10.16268
20.04363 9.22231
15.02043 9.19234
14.98720 5.79354
18.55135 10.68276
15.63332 8.35504
16.34200 9.68601
19.70776 9.69659
20.16974 10.60617
4.49818 8.12264
4.92856 6.54636
15.57967 5.96185
14.64891 4.88943
14.04933 8.30807
14.73269 6.82529
17.81748 10.32881
19.08831 9.68251
5.57881 6.25613
22.16266 9.97882
19.72651 9.76956
15.23328 7.14361
16.37062 7.23857
6.97209 7.13340
13.88510 9.09201
21.78561 10.03504
20.17356 9.95318
15.04924 8.49985
15.51755 6.59789
6.58723 7.42586
14.81018 8.18678
19.87508 10.69725
4.99671 6.91534
19.26259 10.02695
4.71190 7.04642
6.17794 8.19975
6.06626 6.66249
19.90688 10.11025
15.45667 7.96321
14.66299 4.49668
15.09956 8.26697
4.57178 7.86393
20.32047 10.33412
5.66563 6.19747
4.50756 7.27755
21.18197 10.24441
14.00295 4.51158
15.40079 7.85952
4.40290 6.07528
21.97384 9.44625
18.06646 10.17260
5.68665 7.02926
7.29663 6.18816
16.32334 4.42091
18.55642 9.78742
20.36952 9.80266
20.56757 9.70923
21.91273 9.48696
19.20933 9.94570
13.83283 5.71276
15.13191 5.95759
5.21731 6.73345
5.92217 6.81184
15.05454 5.03856
3.21756 7.63794
2.89446 6.03288
14.91466 3.44381
17.11117 9.84131
22.78570 9.81464
14.88692 5.47146
17.36055 10.01756
6.05124 7.37676
19.15253 9.77378
19.51586 10.94659
17.02408 10.54043
5.71902 6.92565
21.66959 9.65773
3.82976 7.41037
7.24214 6.77774
5.56773 6.54333
20.97895 9.70444
19.22887 9.66311
19.16949 9.89913
15.15260 6.20502
14.22208 6.77607
8.93425 6.52077
4.78249 6.33061
5.59539 6.43342
18.03804 9.82162
15.51628 10.10466
15.14454 6.44089
4.39460 6.79099
18.34264 9.55110
13.54506 7.42414
21.06612 10.34099
3.19774 7.44464
14.54163 8.07468
15.61152 3.52911
7.42966 7.28202
5.83185 6.58348
5.72009 7.58852
6.53086 6.90438
14.90064 4.40773
3.83424 8.55181
4.70484 7.85944
16.01830 1.90447
15.88985 8.37358
6.29475 7.12498
15.70296 8.34485
14.81241 8.33936
19.81369 9.42478
18.71489 9.69393
15.05503 6.28221
16.81318 8.42288
5.59802 6.14051
6.14346 6.99260
5.01306 6.81681
3.40452 7.11401
6.94417 5.71311
2.10414 7.91823
4.56807 6.40293
20.76893 10.01597
21.00571 10.30924
13.98757 8.07296
17.47993 9.90230
15.13923 8.48739
14.15139 7.65837
5.10689 6.78115
16.84479 4.56644
15.56428 6.81503
6.65618 6.23210
2.78015 7.74176
19.92178 9.12638
17.28089 10.10814
7.01084 6.73968
4.77201 6.32275
12.76299 8.51026
6.47182 6.71820
4.31233 6.74246
19.16804 10.55548
5.83317 6.09845
19.68078 9.58716
15.38526 7.65210
19.10015 9.57537
7.16241 7.38747
6.35815 6.19572
23.97291 8.90255
19.26736 9.50041
5.14728 7.94028
5.06349 7.52176
15.68455 5.65802
5.50834 6.83189
15.61122 7.09421
5.42413 6.67355
3.85763 6.54156
23.00488 10.07595
21.43333 9.22303
14.76128 5.46038
20.21572 9.57231
18.41857 10.65522
14.08063 5.20440
3.95198 6.93693
6.42254 6.61596
2.41515 7.43397
14.77765 9.02245
20.36265 9.62409
7.57074 6.29272
15.54753 6.41127
20.24351 9.35801
13.40298 4.27510
19.27626 8.88110
3.92834 7.31366
19.00759 10.10621
6.85867 6.72477
15.07087 7.34167
20.08236 9.13074
4.88605 7.01673
5.69260 6.84485
4.31014 7.29844
17.42789 8.51432
14.79000 9.31542
2.28654 7.49980
15.72998 5.00084
4.36592 7.51952
14.24649 8.89894
20.68679 9.43262
21.64638 10.26461
15.20380 6.83593
19.23405 9.79808
14.51886 8.74486
4.11984 7.19467
22.83882 9.90960
14.45666 10.47780
14.21725 6.11010
4.51179 6.35309
15.73971 4.15034
20.06444 10.07633
7.93376 7.76571
15.30542 5.21507
3.33623 6.77863
21.97271 9.77033
22.77146 10.03871
20.14116 10.34079
15.41969 4.60746
6.27381 7.84779
20.54845 9.57225
21.01910 9.70048
20.46457 9.61480
21.42268 10.61433
15.19702 6.44448
5.55909 7.15739
17.92080 10.55955
19.62758 9.82852
19.24807 9.93229
2.55504 7.77672
4.11444 7.10994
21.87844 9.69597
4.95409 6.06679
15.20179 9.98642
16.13746 3.83554
5.31592 6.91969
5.33465 7.60911
5.41032 7.01159
16.00986 5.50506
4.24037 7.42129
15.72791 4.55975
16.42299 6.65194
16.27948 2.03358
19.77167 9.81069
21.20019 10.15817
19.58057 9.96828
14.58699 5.82593
21.45100 10.30906
14.88996 11.10916
18.35662 9.69009
4.48761 6.54412
18.79709 8.91171
15.63551 4.82226
6.32446 7.49916
3.11355 7.16724
7.96762 6.37517
4.07607 6.66321
14.88256 7.57440
19.70135 10.22567
5.52146 6.52053
20.39028 10.28065
21.62293 8.72975
15.25361 4.38804
21.82733 9.63513
13.71437 7.66854
6.31283 7.78857
14.91316 9.11693
16.44685 2.79858
5.66914 6.99443
5.29253 6.79576
18.01144 9.73862
13.56966 5.80163
21.85877 9.23608
4.64666 8.20782
15.38331 7.18288
3.55014 7.67369
14.18894 10.52964
13.47905 8.02747
15.57340 6.71976
17.85719 10.24403
20.78154 9.65676
6.05050 7.52758
14.69373 9.91703
16.34799 7.11230
15.54062 7.01288
20.36440 9.98276
15.11226 9.11066
14.87456 7.22784
18.43960 9.35170
3.84126 6.75352
21.97495 10.19578
8.56766 7.19293
4.68141 7.55808
23.10822 10.68710
6.05527 7.57345
4.68114 7.53242
15.55495 6.55563
16.17364 4.74589
18.84505 10.58457
14.83882 7.08002
14.53842 7.13125
6.69139 7.61725
20.04894 10.30442
23.45820 9.87422
15.13908 4.97602
15.24426 6.68586
14.76571 3.95374
21.85583 9.98640
3.54838 7.83885
3.89345 7.28818
14.49100 5.43964
6.33714 7.14881
16.54264 10.24671
19.27862 9.13038
16.14064 6.87205
14.66944 7.92572
5.07280 6.53865
5.13418 6.67479
6.04423 7.73556
18.40922 10.58210
13.66266 6.82271
19.79770 9.95686
6.73437 7.96553
19.21892 9.50174
4.23301 6.49417
13.05768 7.92246
7.05629 7.10268
14.49158 6.95893
15.95184 6.06063
15.25674 5.45751
15.02261 2.67401
13.81836 7.06813
21.37167 10.56568
6.11567 6.60197
14.08012 10.81976
5.49513 6.66768
3.90035 6.93364
18.67707 10.45974
15.07704 5.62308
13.58324 5.20920
19.85570 9.12354
15.14681 2.91739
2.85960 7.77927
14.13229 3.66924
15.68738 6.56267
14.46077 2.64140
14.44093 7.21735
19.38205 10.15396
5.20471 6.58745
13.76828 4.49415
3.74471 6.90088
5.39548 7.32260
19.35010 10.09467
20.89258 9.97500
15.88982 7.14780
22.62638 9.05845
19.26839 9.21400
19.90112 10.18955
4.78652 7.43434
3.68441 8.13818
15.57764 3.56752
18.33206 10.57384
15.19705 7.50363
3.68861 5.85594
22.38741 8.75413
5.52676 7.45930
14.28031 8.41643
14.95620 7.28806
5.36130 6.30239
4.65398 6.66863
14.67000 10.64087
5.31581 8.59912
18.24886 9.28371
16.48064 6.41390
20.17887 9.27180
5.64603 6.82480
19.36519 10.69284
6.49571 6.86055
4.12421 6.35750
14.62869 6.49971
20.82723 9.92719
18.60522 10.04496
17.94192 9.27993
14.89206 6.60509
6.03688 6.42502
5.50747 6.13270
5.24803 6.68842
19.51824 10.42925
21.25393 10.43799
7.56514 5.93753
4.40135 6.44413
16.96060 9.35419
20.06814 10.10466
3.20654 6.61379
19.57730 9.68043
15.09698 10.96464
5.64623 6.42207
2.52736 6.64628
6.29360 7.30861
5.50363 6.24831
14.20875 5.78039
14.44640 6.78440
5.50170 7.89986
4.20859 6.46760
15.07790 7.05186
14.96813 8.87150
14.99532 8.77893
19.58438 10.22620
4.47932 7.41488
5.44530 7.04108
16.88041 1.78413
15.73072 10.71202
17.90135 10.31810
8.31382 7.80837
14.74074 7.38792
14.20611 5.38706
16.10118 8.28436
20.42775 10.65411
21.05144 9.84817
16.18474 5.71660
15.21813 6.49385
15.19319 5.38135
7.27801 7.58049
14.66583 1.88758
7.30896 6.58105
20.98975 9.00153
2.32291 7.96746
4.11757 8.01632
14.46626 5.01568
2.39426 7.41878
2.83902 7.12242
18.47785 9.47828
14.76505 8.41772
6.23134 7.11152
6.69274 6.18297
16.05118 8.39423
14.64845 6.70800
19.66473 9.70049
14.69895 4.60078
18.55923 11.04993
14.44906 7.60299
14.02547 4.07959
20.30931 9.60390
17.03453 10.03108
3.55083 6.84859
5.42078 6.73588
7.53162 6.48811
5.04121 7.02355
17.37825 9.31497
15.81405 8.89336
20.53986 10.15981
19.42507 9.75951
20.86615 9.30992
19.71081 8.96499
15.19608 4.50534
17.86571 9.55728
18.92954 10.99767
6.62242 6.41814
13.80925 3.12087
14.62647 3.43737
14.98330 8.90528
20.72039 9.62423
8.29673 6.76379
14.63931 8.33277
19.65706 9.50656
15.37851 6.20998
20.07993 9.78515
15.41989 7.35873
15.59725 10.31314
21.12422 9.63775
19.42966 9.89747
22.73195 10.24111
5.40704 7.05343
4.94247 6.89269
4.47848 6.81080
20.56247 9.84947
19.39329 9.86323
7.37798 7.08232
2.78762 7.89980
13.89327 6.76694
4.13589 7.92121
19.61137 9.14608
3.54677 6.66812
14.59142 6.31855
6.54702 7.08051
6.20671 8.17109
4.14512 7.62226
21.07682 9.95661
15.02740 8.34974
20.17794 10.39263
21.25647 9.90894
4.70256 6.08331
20.64105 10.49520
18.35857 11.26392
13.66960 3.65023
15.60303 5.27735
16.10181 5.23394
3.47043 8.13562
14.24310 6.98424
6.65205 7.73556
21.10551 9.67876
7.32529 6.91394
2.56679 7.46224
16.93043 10.05943
19.97194 9.77026
15.06128 7.67334
5.63247 6.62249
22.40173 9.03676
20.01567 9.61572
5.49189 7.21222
19.71165 9.27015
5.40093 6.24415
8.09080 6.67235
14.59624 5.08202
15.08227 6.59150
19.87632 10.62302
20.48322 10.31159
19.45481 10.61139
14.90183 5.57379
15.23990 8.03455
15.56780 6.39102
21.77775 9.89515
20.66311 10.45711
19.95707 9.92620
19.13624 9.63754
21.19711 10.03942
2.91422 7.53630
20.94376 10.55546
15.80015 4.83588
19.40141 10.03563
13.89679 3.47493
14.13014 5.55985
19.69773 9.66831
18.75880 10.00390
5.95128 6.40283
20.64926 10.49496
19.13176 10.30927
5.88036 6.01035
15.18753 6.68537
17.13711 9.94971
3.07949 7.79020
20.25346 9.93525
13.91400 8.52666
15.07235 6.60761
5.23233 8.17102
20.82830 10.91985
19.27405 10.53869
15.47918 4.59503
4.64038 6.71183
14.74838 6.90004
21.62629 10.08750
19.24712 10.21642
16.03480 4.81110
14.34500 6.48269
5.44080 8.37702
5.45919 8.00386
15.17090 7.75255
3.77218 6.17316
19.37167 9.92781
6.32380 7.30712
17.23676 10.40049
15.05061 8.24591
20.50142 10.34992
2.07522 7.26580
20.71063 10.37637
2.76137 7.45890
2.32804 5.98172
20.53647 10.25253
3.59864 6.76197
15.71888 9.11251
4.82114 6.58761
21.47451 10.20800
3.04944 6.43219
7.41874 6.98033
16.16955 6.77260
15.70164 7.16659
8.47866 7.62561
17.05891 8.91819
4.26553 7.46612
22.55537 10.67815
7.30728 5.90174
14.41420 4.43786
3.18049 6.50727
5.47470 7.34674
5.04104 7.10850
21.19910 10.12506
5.96830 7.36935
5.05138 6.39133
14.34769 6.21585
20.86975 9.05811
15.42223 8.11139
20.67591 10.21312
14.79166 8.93245
5.15346 7.28047
17.44610 8.91883
16.99520 7.57895
3.51454 6.88504
5.50665 7.53754
21.57986 9.67633
5.61833 6.31827
14.57502 8.56894
6.44766 7.41097
5.37761 6.57878
6.02573 6.37268
13.32183 3.62183
14.96624 5.41732
22.18008 9.37924
17.89220 9.52409
5.18661 7.38793
15.24548 7.15208
3.41541 6.70891
6.08024 7.14617
15.03582 6.27110
14.26058 8.14571
21.98288 10.54208
15.16976 7.52742
15.77784 6.99704
19.64441 9.92166
6.24702 6.50868
18.47211 10.16712
14.95771 3.76199
15.17968 6.65259
19.96737 10.09487
18.86247 8.72230
17.80269 9.64184
4.24383 7.10200
1.67722 6.25616
4.56464 7.45674
17.44386 9.41477
5.54620 6.97562
21.48467 10.68072
2.99779 6.49173
19.38242 9.64725
23.38333 9.35197
2.96505 8.18698
3.25848 7.24590
4.24299 5.47141
15.81031 7.32343
21.01271 10.49462
4.21201 6.87675
20.82301 10.68786
15.63746 5.29090
20.22499 10.07434
15.51067 8.12413
15.17289 9.03669
3.23001 6.77419
19.93812 10.01615
14.66900 5.64198
4.85599 7.63886
19.21605 9.98193
15.09794 6.98194
15.55833 8.79085
19.94871 10.58174
4.64108 6.94207
6.52925 6.35142
15.15735 8.07641
19.81216 10.46476
20.53722 10.32258
22.48134 10.66334
6.12019 8.15765
6.87850 6.74198
14.40724 7.65743
21.13716 10.45157
19.51126 11.22151
20.25276 10.41362
20.96776 10.27735
13.84282 2.58858
15.09660 4.55058
7.46300 6.57701
3.54833 6.98753
19.98135 9.60334
14.44004 6.95263
5.02623 7.70195
1.74700 7.54893
18.83316 9.52090
4.69418 6.65590
15.82277 8.99705
19.53146 10.05450
20.58593 10.42087
15.32465 7.97427
16.42061 5.90509
19.58693 9.98751
7.19916 7.66228
18.08624 10.72648
14.69781 9.46129
15.46586 12.51896
4.53000 6.54078
20.13894 10.38735
14.12239 8.09086
16.11510 7.87966
4.52464 6.33716
4.53922 6.56975
14.73625 5.06288
5.81273 6.34559
22.83937 10.88032
3.25253 7.07646
18.73850 9.49384
5.42881 7.09773
14.12528 7.47645
4.39926 7.34637
20.51971 9.58420
6.86149 6.39162
18.45451 10.10696
22.05545 10.47333
21.60919 9.97011
2.60809 6.53720
20.44900 9.50356
15.11455 9.49112
18.81505 9.21844
5.23806 7.04989
14.96810 8.62241
14.89983 8.64631
14.74511 6.16462
15.70091 7.75590
14.13597 11.64478
5.33750 6.52621
7.24405 6.75460
14.76009 6.96037
19.31785 10.27800
20.45476 10.66939
14.67722 11.15289
18.81472 9.91536
17.91149 10.61307
19.95690 9.46813
18.50826 9.76637
15.11950 6.32712
2.02962 7.90533
4.37986 7.12711
14.50306 9.77092
19.99126 10.17609
15.03270 8.14363
4.60940 7.06436
16.20879 6.77974
20.40772 9.39163
24.13997 10.05035
14.32005 9.00122
19.70189 9.45188
19.53038 10.28461
7.51082 6.83190
14.80077 8.45125
4.47835 7.65573
16.56947 7.31624
15.15099 6.41112
16.27585 8.02409
7.53401 7.29384
5.27801 7.74357
19.11476 9.79849
20.91746 9.71373
14.67487 7.40480
5.36945 6.33340
15.57174 5.57694
21.87701 10.44171
20.83630 9.44055
2.34406 7.88160
18.58009 9.83068
19.04505 10.68441
18.83997 9.87938
18.51727 10.08756
15.55513 6.74586
3.60480 6.55468
3.79769 6.48312
14.22718 8.58962
5.20083 6.72453
18.88332 10.21689
15.01235 8.94712
15.79494 7.23696
4.57155 7.39351
20.61451 9.73735
5.50091 6.53965
4.32176 7.83336
4.85554 6.99561
20.83594 10.34278
16.70224 10.91363
6.02419 7.17603
15.09388 8.55186
15.66550 9.28331
14.82170 5.43856
16.10049 4.82126
19.42781 9.71654
6.61313 7.68957
14.51144 5.96158
21.70075 10.47836
17.40938 9.56773
16.16607 6.55240
20.76582 10.31996
4.18748 7.24586
4.40319 7.34762
18.71133 9.83320
4.18349 7.81427
15.78292 5.47540
3.68682 6.44777
14.83648 5.64772
23.52828 9.68536
16.29189 4.74906
6.45933 7.93208
15.84461 10.20882
15.87926 8.55642
4.08528 7.25320
5.31424 8.17052
15.08396 8.13778
15.52269 6.81281
14.06960 7.24879
5.82394 7.63174
15.01536 7.55295
14.52508 5.52983
19.54757 10.83760
4.75448 6.87844
14.00385 7.34499
7.01307 6.80689
19.00417 10.07700
22.21144 10.51833
22.56826 10.08337
4.03509 6.90467
22.11350 10.68941
3.26495 7.20069
3.76206 6.85095
23.18812 10.37854
6.01704 6.81444
19.62882 10.21280
6.84009 7.22829
14.40401 10.45210
21.15565 9.73111
15.66038 7.10534
21.92239 10.64566
2.36854 7.39552
15.31420 8.26345
14.34387 7.27856
14.51356 6.91900
15.12393 2.73801
14.76050 6.91880
20.91480 9.90647
3.41280 7.13043
15.55741 6.05245
14.15108 5.82463
19.86017 10.23782
18.64220 10.89110
7.49026 8.21744
18.89394 9.62245
20.12458 9.62043
6.17107 7.52142
4.40747 7.26274
20.59561 9.71909
3.79135 7.22277
14.40081 5.97401
5.94793 7.72043
15.80719 4.12070
15.00955 6.34660
14.46066 7.22034
20.69298 10.37963
22.16145 10.26432
18.34641 10.41704
14.69131 7.99248
15.35478 8.45792
14.40184 3.57244
5.11500 8.27777
15.56972 9.12023
7.27315 7.14340
21.59389 9.52110
4.94386 7.01918
14.25325 5.49001
19.64428 9.82187
16.29296 8.35923
4.95829 6.45363
20.23696 9.66807
7.53471 7.91590
20.33756 10.17390
17.66860 10.07535
15.41237 11.23719
19.52815 10.19957
15.12668 4.52986
17.32526 9.94897
5.17034 7.06726
14.11439 3.34803
6.53684 7.49645
20.50750 10.06768
17.97534 9.81679
19.95610 9.82425
15.61547 8.58991
6.15091 6.15972
22.30663 10.14598
15.90829 7.57356
7.04902 7.30368
4.32895 6.57137
4.32630 7.22460
22.43954 10.80358
5.57270 5.85248
6.97944 6.58443
15.41393 7.91404
4.21376 6.32875
18.96132 9.76143
14.60592 5.24793
4.75541 7.35531
20.35203 10.63009
4.72421 6.66053
14.07138 7.94943
5.31909 7.23559
3.05858 6.49691
19.79876 10.38888
18.37219 9.31628
18.26916 8.55753
15.39042 5.68706
2.90751 6.77778
14.44894 6.75923
16.96424 10.22945
14.74144 4.63019
14.55175 9.41882
15.45925 8.33636
4.83221 6.44151
2.76131 6.60592
6.10773 7.21009
6.22239 6.73531
4.63311 6.71501
19.96352 9.99647
15.25248 7.04089
16.56210 4.90093
15.26801 8.76417
5.39383 7.82248
15.29197 11.25999
5.19480 6.57781
20.14870 10.55577
14.91886 7.52025
4.23331 7.70092
4.33268 7.18650
14.98273 8.57979
14.73602 6.92705
6.67402 7.78110
14.13903 9.82588
4.76465 5.59052
22.43460 10.38327
21.10275 9.52536
6.52281 6.57025
4.66774 6.35771
19.15411 11.08834
14.05792 8.32808
3.79448 6.91999
14.60334 9.13818
18.46663 10.26118
15.24880 2.86312
21.52536 9.41198
6.21386 6.82462
6.85418 7.50549
5.96362 5.70429
24.00711 9.84085
2.87979 6.45554
5.83176 7.03719
15.65025 7.39891
19.72211 10.15877
3.68707 6.54094
19.89976 9.09467
20.51834 10.18295
15.75176 4.94811
21.46453 10.51013
6.33132 6.95262
15.89432 7.20222
14.16861 9.63774
19.62518 10.50882
20.69488 9.65197
21.31353 11.21483
14.87334 8.53102
20.29554 10.69503
5.05131 6.29349
19.45772 8.87604
19.34640 10.23613
6.42835 6.89480
14.45179 6.85138
15.40525 7.92506
3.77034 7.44647
5.76776 6.67131
20.40204 10.25038
20.20269 9.94110
3.72234 8.24616
20.94806 9.79937
15.74151 7.54754
14.59135 8.26377
15.06404 4.84499
14.44230 5.09370
20.33498 10.20721
16.18283 5.53903
14.77272 9.38578
14.40796 8.44602
14.66747 8.65092
14.53037 6.15645
14.82332 6.71007
16.87704 10.45543
4.45914 7.53034
14.60102 5.89671
6.94558 7.07571
23.16545 9.46612
21.63893 10.44337
21.11050 9.83137
20.74197 9.77698
20.50605 10.05680
13.32442 6.17420
21.13110 10.14269
20.36615 10.89341
18.84497 9.67672
4.90771 8.41540
15.15888 8.81170
1.17598 7.15981
15.16075 10.23747
4.56426 6.09573
5.36729 6.36812
14.93103 4.54857
5.07038 7.17018
15.85206 10.03963
15.36387 4.86926
7.71338 7.42100
3.27452 6.94223
20.52693 10.59736
3.98441 5.98603
18.27928 9.76125
15.71400 5.33227
14.66251 6.11488
5.61912 7.24893
15.57652 5.98743
15.57784 7.64137
5.85673 6.41334
18.59146 9.98276
13.91608 4.64534
3.01734 6.44110
14.69000 10.28575
3.83087 7.01945
14.91287 6.54472
5.60773 7.00787
14.35544 6.37080
23.79342 9.53094
20.20277 10.32196
15.09781 8.89457
4.46113 6.70166
14.70841 6.33356
7.07898 6.91254
20.50433 10.09674
7.33412 6.55685
14.98920 4.84935
3.12526 6.60482
15.55610 9.71651
21.78659 10.61171
5.71970 6.90463
14.47827 2.81116
4.02513 6.77745
18.16918 10.11212
15.09172 5.42787
20.79863 9.87047
15.67925 9.30174
14.95705 4.43546
4.27877 6.65409
1.65881 6.72794
14.80867 7.52004
14.58416 3.69759
4.69485 6.96306
17.98077 10.08608
16.29840 5.58479
15.18952 7.73699
18.09883 9.81248
5.66805 7.20980
4.25181 6.75491
15.99818 8.78582
22.14866 10.55785
19.03564 9.19264
15.30860 6.85050
4.78167 6.11543
4.70374 6.63321
20.24597 9.20024
7.43142 6.50317
3.56106 6.29919
15.05627 3.73614
22.15963 9.96619
13.62913 7.14246
20.01754 9.43447
4.78035 7.42457
20.46668 9.45977
4.79500 7.13518
20.86763 9.83190
21.44692 9.42138
21.78032 9.90475
16.00249 6.66772
19.85569 10.50806
14.65245 6.49079
21.60941 9.59924
5.30150 6.73067
2.79428 8.20849
19.79073 9.59081
3.78321 6.53875
4.18959 6.26779
1.33663 6.81161
4.40986 6.51921
14.58382 8.70444
18.74149 9.89814
4.37866 7.70461
6.65773 7.21542
14.43204 5.09267
5.18900 7.13082
20.26291 9.88188
15.73185 5.10266
14.75454 8.37066
14.58293 6.53134
14.16344 5.30597
22.74855 10.10759
15.30241 3.51958
15.80037 6.18104
18.12392 10.09990
18.67083 10.29255
5.37896 7.19344
14.71042 8.05717
14.54068 10.05930
5.04578 7.04306
22.25317 9.25186
15.38636 8.41681
3.75596 6.02682
14.68863 8.19066
14.93295 6.80369
3.65531 6.73540
15.85414 3.51679
3.46631 6.32683
4.57144 6.98906
22.56566 9.59061
22.30377 9.96764
4.50969 7.40817
15.12623 6.99784
8.66489 7.52235
4.79796 7.03747
22.37640 9.96198
14.98235 5.28209
4.48960 6.57916
5.52230 6.54139
18.28301 10.20240
14.42735 4.74366
4.54061 6.39761
4.32557 7.30490
22.32327 10.15403
17.94834 9.46676
15.00129 7.06581
6.58038 7.28684
15.46802 4.68654
15.13171 8.99986
23.80763 9.16632
15.64981 6.81067
20.20552 9.99350
5.73821 6.73528
15.73767 8.07518
22.07509 9.97420
17.85506 9.75899
20.43291 10.46735
18.27944 8.95662
19.57449 10.14821
6.14664 6.79610
15.85734 8.61044
15.11536 7.80229
4.79562 7.99259
5.51880 7.36227
15.42471 4.52500
13.61485 6.38241
4.64844 7.29566
14.80054 6.25286
3.57535 6.82925
15.26110 8.06195
15.92247 11.77197
17.63734 10.17880
15.15069 3.89431
5.06767 6.80933
15.17352 9.14539
19.44846 10.05402
18.41400 9.63653
19.34109 9.72843
20.95998 9.69198
17.77167 9.22057
2.50549 8.23815
22.22914 10.49331
12.80804 6.79621
19.18153 10.47856
18.82864 9.95523
19.38227 9.95342
15.61313 7.69374
3.57450 7.05518
4.87435 6.21279
15.88821 3.00654
7.00545 6.01364
3.28647 7.33181
18.20779 9.45319
19.72878 9.85647
19.40880 10.25168
5.10874 7.01599
20.21882 9.90665
16.09833 8.01973
13.38913 7.24535
15.20650 9.01339
14.87268 9.82790
23.45176 9.23346
14.37459 4.13872
20.03586 9.83199
3.44655 6.31826
14.30827 6.29546
20.76112 9.35689
22.55528 9.55788
7.28032 7.17293
14.18816 7.36017
18.77811 9.86348
7.24923 6.81484
14.69816 6.59297
4.90681 7.20721
19.81151 9.27552
5.41245 6.51740
19.54282 9.84453
19.69594 9.93019
9.57536 7.06355
7.18222 7.10748
19.45844 10.82383
3.40346 6.69535
6.76617 7.22662
4.74131 6.41168
18.86633 9.53769
14.27373 5.64325
2.46724 6.95248
5.93977 7.35782
6.72291 7.56387
15.81265 8.66923
21.11804 9.28086
21.27747 10.48524
23.64332 10.16356
18.05955 10.13396
14.18498 3.83288
20.48069 9.20992
15.49709 5.01673
6.97261 6.82428
14.77728 8.31363
18.88734 9.77026
21.02586 10.29221
14.70238 7.04647
14.05116 9.08833
4.05680 8.01690
20.90713 10.09006
14.41513 10.93443
23.37567 9.99804
15.36445 6.42635
21.48654 10.25207
20.27492 10.18447
21.78759 10.58796
20.02648 9.84719
5.72845 6.60283
14.84031 5.95805
15.15721 7.70595
15.95844 8.35553
15.56796 7.20556
14.67054 2.18379
14.86258 3.91425
14.19601 5.73808
14.88763 6.57242
18.49056 9.96534
20.92023 9.83803
20.94200 9.78154
14.36559 9.15745
15.38988 5.04558
14.94412 7.74736
15.37034 6.15026
19.36354 11.03240
20.91092 10.32063
15.72435 8.14354
5.00399 6.75907
13.97634 8.20156
18.08666 10.23713
7.25962 5.53849
15.05543 10.00180
20.12607 9.42696
16.72556 6.23781
15.94128 7.33883
7.87749 7.99565
3.76384 7.54405
15.86335 8.41467
19.71276 9.55541
14.71637 6.00780
20.39155 10.53196
21.97809 10.23756
5.00369 6.65179
16.57985 11.31879
18.41065 10.42133
15.36032 6.28900
3.23077 7.13404
21.38841 9.96201
14.96673 5.40498
19.94963 11.40059
21.57073 9.73699
15.58965 3.95565
2.27028 6.88196
18.87412 9.58333
13.80975 4.99008
19.45410 10.38190
14.50443 5.61093
19.72531 10.46799
16.04429 3.13493
14.36832 4.40380
20.42447 9.99745
14.91823 8.40233
21.45999 9.96324
3.96299 7.46695
14.60293 5.64771
6.00853 7.60933
4.21113 6.62460
18.88521 9.08459
20.17978 10.64977
20.40593 10.42737
6.98950 6.70757
15.70590 6.68175
18.42608 10.10401
18.96267 10.87518
18.35874 11.09560
15.67216 7.66353
15.72555 5.07867
4.87404 7.68750
8.49657 6.36778
15.61926 7.69328
6.98503 5.53915
18.41303 10.24550
5.36405 7.22637
20.93964 10.15358
16.56175 8.00518
19.40005 9.92865
14.76463 7.59758
18.50499 10.12415
15.88842 5.54152
19.71770 10.07369
14.19750 10.19524
3.17554 6.80821
13.29811 11.57680
16.38240 5.87667
14.34185 6.77889
5.91628 6.38369
16.00664 6.33434
19.66528 9.91139
19.65607 10.07308
18.01279 10.01217
3.21916 5.93838
5.19686 7.07195
20.26081 10.00643
15.60575 5.63194
14.62984 10.10040
14.49032 4.73075
4.93674 7.31956
15.44752 5.33775
19.19767 9.56040
19.30842 10.38961
3.65990 7.33843
5.95664 7.15134
0.89945 7.35675
5.73974 7.10711
4.28016 7.46498
18.92731 10.72559
7.51518 7.43812
20.81937 10.21606
6.83027 6.46650
16.05666 7.99788
23.24438 9.78578
6.04502 6.67855
21.91377 10.24684
14.76206 9.68125
20.39005 10.15264
22.28711 10.02641
5.42140 6.89999
20.43297 9.13738
14.90915 9.90028
14.58513 7.45015
8.66847 7.14061
2.78901 6.66562
21.94077 9.90937
15.27225 6.35442
3.94719 6.63268
22.10590 10.36836
2.47823 6.75662
3.76085 7.85336
14.46735 3.34435
17.70029 10.88240
14.29054 5.25539
18.71432 10.48073
14.75926 6.72568
14.17658 5.84776
4.42569 5.69279
3.55894 7.54144
21.52458 10.18506
19.59587 9.90777
20.17349 10.44120
14.40233 9.65810
18.01045 9.83423
3.96039 6.64456
14.41679 6.74487
15.13871 7.56273
4.98608 8.15514
5.90444 7.13484
19.06487 10.24346
5.77961 6.83851
4.46818 6.42815
21.12816 9.76527
16.66595 9.92536
16.12112 8.52233
14.35880 6.81410
5.61760 6.53998
14.28855 5.13640
19.84494 10.53523
14.78850 6.91228
2.04159 8.39877
21.95082 10.21392
6.60231 6.87474
4.52206 6.36018
5.59343 5.94167
5.32821 6.50724
15.85645 8.49469
7.45869 7.83324
18.55166 9.56981
15.28247 8.33245
13.80811 6.82176
14.06847 11.57455
15.99461 9.17765
17.83983 10.46563
22.26932 10.31490
19.75093 9.43289
4.46789 6.06449
15.55847 5.01356
20.12168 9.74239
14.81880 6.48175
21.92714 10.09251
15.89771 8.07292
14.90385 4.95409
19.79908 10.97497
2.86778 5.78453
20.04537 10.19231
20.60783 10.22934
15.85417 5.63510
15.20910 7.89083
15.84352 10.21164
4.35180 7.30793
19.66353 10.18169
20.51892 10.43127
13.80864 9.05669
5.25099 6.25203
22.52532 9.64232
13.83817 7.07404
15.48361 7.29478
6.29651 7.29054
4.85519 6.51080
14.27947 10.27262
3.42987 6.78456
19.25180 9.73582
21.74769 10.37085
5.43604 6.24142
5.35519 7.56644
15.30046 3.99811
2.76076 7.02811
15.48848 7.96254
15.35903 9.19887
14.75866 6.82766
20.85050 9.49413
4.11376 7.44041
15.67412 8.35381
3.36897 6.44974
4.24952 6.91034
15.03715 5.76610
6.69080 6.43146
19.13302 9.28520
15.27786 7.50423
14.78900 6.40837
21.91427 9.78432
15.28180 7.57853
3.75144 6.82980
16.15527 5.15762
6.75991 7.10449
6.28818 7.10915
6.81706 7.37164
15.56368 4.21809
20.02901 10.23105
4.82691 5.67037
15.44671 3.27356
5.73826 7.79753
15.21929 7.88015
16.47798 7.43310
17.35750 9.42297
14.27359 5.56721
14.62455 7.02139
18.35115 9.88369
15.34118 5.76915
21.27056 9.96822
5.55223 6.87425
4.25058 7.37210
20.91112 9.55427
20.47657 9.82157
23.39111 10.13800
5.08389 7.86039
15.69373 2.59189
4.88360 7.19520
15.62299 6.00669
19.88644 10.19183
16.24681 6.10840
20.35902 9.64480
4.09537 7.44582
4.50773 6.44969
14.27179 7.57192
18.87320 10.22904
14.85192 6.07391
15.33224 4.23255
17.11906 9.84010
16.13078 6.51566
16.52352 8.51447
7.89165 4.99601
19.01933 9.97266
15.70342 5.40150
15.97198 9.98459
19.81489 9.79616
18.30210 9.77413
19.81988 10.08244
21.99866 9.92871
2.90238 7.59175
5.15379 7.76810
15.61531 9.14537
6.79944 5.87464
14.76376 8.53032
18.57463 9.42636
16.33486 9.72352
4.17079 6.55517
19.69743 10.45772
22.04224 11.06305
3.59920 6.51614
16.08620 9.25858
5.67485 7.92561
5.15022 7.43425
4.58810 7.44438
16.67542 8.11597
20.83984 10.49968
14.65033 7.83390
13.82858 6.96462
5.37990 6.97329
14.79894 8.10327
5.71747 6.36593
7.06451 7.13546
16.30593 9.28096
19.44153 9.17348
22.50367 9.65247
21.05277 9.14246
15.46883 8.14585
15.18369 6.24595
16.20976 8.30954
3.04261 6.83290
20.33911 9.89143
14.40451 6.97742
15.51495 6.81299
22.41745 9.60283
6.10090 6.50100
1.39434 7.18056
19.46581 9.40818
6.05848 6.16946
14.06697 3.66906
19.59202 9.85913
3.59509 7.46126
20.09935 9.88943
14.21904 7.07871
2.79473 7.06275
21.01084 9.21840
6.30412 7.35639
20.78074 10.39233
20.00942 10.17911
19.70170 9.62650
19.41175 10.60374
0.50152 5.45988
15.35442 7.95451
15.30315 5.11028
17.16033 9.72348
3.91070 5.92478
6.56854 7.51816
20.30491 9.53686
5.79714 7.37266
14.84860 9.21802
14.27729 8.11302
20.64722 10.10312
14.83555 8.26897
15.42107 6.52832
4.02103 6.70687
16.91906 10.21779
5.44059 7.37115
21.52930 9.90157
20.38439 10.06347
15.55749 2.68861
15.43538 9.08757
14.57594 5.04899
14.96193 9.71515
7.08040 7.02039
20.56167 10.76770
19.91235 10.03013
19.69257 10.06970
19.08393 9.55652
21.52609 9.95002
22.21272 9.21528
14.32045 8.50686
21.39139 10.40477
14.32804 6.41602
21.20919 10.21434
21.54001 10.33043
20.61422 9.66189
18.98175 9.64252
20.71134 9.93559
20.63694 10.08171
15.35614 5.06651
23.27963 9.84289
15.44965 2.46169
19.31277 10.19132
5.06960 7.67341
15.95046 8.61666
14.20426 7.71032
16.16807 3.22830
1.61926 6.25806
13.54013 8.15605
20.79902 10.12784
3.66363 6.69442
21.43395 9.46315
20.79983 9.39106
7.09501 6.02632
7.05492 6.05919
15.62580 2.53105
20.42000 9.37681
4.83089 6.36778
5.20291 7.46007
21.39633 9.81002
16.58107 10.34794
7.60050 6.16405
22.19916 10.85980
4.64168 7.17959
14.37500 5.89489
14.65200 6.98338
19.05073 10.36829
5.88894 7.56267
14.33684 6.50856
14.38023 7.11879
20.15325 10.21581
21.12916 9.71431
13.70013 9.24867
15.67102 2.52812
15.56205 8.15670
5.65786 7.24071
15.31725 5.71230
17.03371 7.17144
15.29663 9.15538
18.39291 9.07191
5.39267 7.10134
20.88092 10.77032
5.46178 6.54004
17.81387 10.65737
15.91369 5.18048
16.71263 9.15676
21.70964 10.17417
20.44466 9.71176
14.34188 4.86733
4.36148 6.18380
23.90782 9.91707
14.43925 8.76172
19.66888 9.62904
18.38524 9.41985
5.24235 6.12881
21.41213 9.90930
6.84863 5.74995
19.98672 9.52750
4.52547 7.25214
18.60459 9.69062
17.74108 9.77622
19.03392 10.95986
4.63459 7.66096
14.21903 8.67067
19.41431 9.77800
15.83256 9.37043
19.81398 10.77063
14.41537 3.13032
15.53459 5.75550
4.11578 6.47252
15.43582 3.61957
13.92142 5.46853
7.05189 6.64000
4.47247 6.25289
4.89242 6.98734
5.06342 7.16685
15.36494 6.41941
15.48340 7.94878
2.33374 7.23072
13.97411 5.99051
21.76034 9.94141
6.16116 6.93285
17.81741 9.39775
13.78152 6.66312
3.67627 7.11845
18.37675 9.71476
13.50333 10.31397
15.77736 6.17057
6.32623 6.48487
3.65489 6.68012
5.38256 6.91544
8.21776 8.25638
21.38186 11.11994
3.25867 6.92682
2.70694 6.82464
4.30884 7.18166
18.07729 9.04669
14.87793 4.77759
3.61995 5.94199
5.22325 7.62412
14.83803 9.46549
18.54280 11.00550
4.48911 7.14040
13.86462 8.70765
19.87073 10.47811
19.13049 10.23815
15.57002 6.45918
14.49802 4.61553
20.70895 9.91392
19.56217 9.73216
19.25426 9.43598
15.14492 7.62879
20.43149 9.49453
14.31042 6.57052
4.88745 7.66642
14.18355 11.02953
6.87517 7.91542
16.27835 9.19075
21.32830 9.96625
13.57900 8.06115
15.66500 8.08931
20.10177 10.61473
6.98358 7.15826
14.94574 6.01130
6.73215 7.30433
4.32364 6.96233
21.72237 9.54548
4.22956 6.80205
3.59193 5.65221
12.79884 11.92655
18.77068 9.52178
20.11528 10.57032
16.24163 9.29821
2.75743 7.82344
4.55072 7.36967
5.62438 5.84540
5.03153 7.21352
17.93862 10.59816
20.18063 9.69464
2.60552 6.72355
18.48757 10.51945
5.43618 7.47379
16.32084 7.98423
20.57464 9.44569
20.50897 9.59376
5.56710 6.61973
19.08857 9.81483
14.93038 6.24006
20.09076 10.43158
15.31414 7.88839
18.93505 10.18827
4.91518 6.56920
14.36830 2.75736
6.41666 6.09954
3.19867 6.82939
13.44036 6.11562
20.48618 9.96621
15.75317 9.27992
14.62535 3.69441
19.38561 10.25690
15.31317 7.99435
18.86364 8.74722
14.97628 4.25523
14.35862 9.13600
7.17352 7.04038
15.15395 4.58074
20.31665 9.59317
14.85222 2.95658
16.67511 7.46924
19.26151 9.81571
15.29324 6.44907
15.09980 7.50368
20.80785 10.19028
4.37364 6.73514
6.30092 7.76764
19.59832 9.44651
21.12694 9.83648
14.89583 7.15651
13.59896 5.63606
14.79161 6.88492
21.69786 9.86627
18.78487 9.93268
20.97899 10.35683
3.20031 6.77065
13.42991 7.27487
15.05191 8.09756
14.71577 11.13603
3.39988 7.25606
4.78904 6.61574
13.58708 4.78255
18.04479 10.33813
15.23665 3.68055
19.50642 9.46455
21.53279 9.61648
18.44486 9.59077
2.66373 6.60845
3.35370 7.45831
4.15075 6.98355
21.14972 10.64845
14.73402 5.79588
15.03273 6.80737
16.64496 6.40101
14.96804 4.65886
5.38047 7.52035
15.48143 7.47012
22.20409 10.12826
4.18846 7.62178
14.66564 7.22707
3.42798 6.55985
15.60318 3.71197
16.55254 9.82575
14.95625 5.30378
21.51473 10.13802
14.88832 7.32796
8.23626 6.68014
16.88354 10.10064
19.60946 9.78062
18.97739 9.88300
14.42901 7.03404
3.54719 6.67791
18.96293 9.56603
14.41882 7.37758
5.63576 6.81414
14.23889 3.05103
15.48900 4.59666
5.38154 7.24165
20.83705 9.13086
5.70639 5.89747
14.58860 8.19212
17.43199 9.97915
17.33444 10.45039
5.70417 7.49717
19.67962 11.35492
5.85621 8.07017
15.96085 6.29340
3.88792 6.34911
16.58858 7.85416
13.85963 10.34170
17.71304 10.48732
14.02052 6.70782
14.75242 9.28840
15.04903 7.11748
14.95264 7.65703
22.87994 10.41043
15.23313 3.05422
2.68588 7.34121
7.16927 6.07625
14.99936 6.53980
20.55552 10.01517
4.61530 6.67997
2.43289 6.14980
19.33659 10.03631
19.76322 10.38167
14.56086 4.95803
22.94342 10.12032
14.94395 6.04123
16.44197 6.87262
14.54839 4.14058
20.16255 9.78507
19.15654 10.15728
6.93939 7.44822
3.09673 7.65606
18.35929 9.19074
3.91571 7.83468
4.66305 6.17697
14.17320 5.75082
15.58298 8.90677
2.98377 7.45373
17.58858 9.38385
16.16203 7.69542
18.99707 9.25894
20.25687 9.58640
19.87340 9.07631
15.26462 4.55623
3.84137 7.16301
15.50767 8.40998
18.93197 9.25786
4.36205 7.48798
20.96360 10.35289
0.84655 5.94646
15.84501 10.47958
3.63752 7.64472
5.26289 6.25272
14.21429 9.15875
4.64133 5.60216
4.43608 7.54271
3.43271 6.78441
5.49793 6.57946
2.98781 6.18402
14.16709 7.83914
20.12080 9.75062
15.88026 4.85999
-0.26309 6.83351
21.09773 10.77554
5.03479 7.94698
19.72734 10.72037
7.12576 6.85651
19.49190 9.84486
14.70526 5.49536
15.13156 9.09466
3.32160 6.75199
14.27017 10.70092
15.26670 7.42520
20.78065 10.76511
20.65078 10.07626
1.81740 7.01646
4.29891 6.98744
8.13334 6.69815
19.73288 9.64861
19.86872 10.48892
13.59120 6.72210
6.45618 7.46242
22.74924 11.35880
4.49785 6.50215
5.10206 7.20430
4.65224 6.74534
4.31268 7.36492
21.96476 9.97167
16.15164 4.01833
16.16556 6.95097
4.81350 7.22745
14.51720 7.56200
14.60216 2.15494
3.37942 6.76841
15.45207 6.56696
17.93808 9.34154
16.37130 9.63230
13.82816 8.90237
22.21341 10.73913
20.57423 9.68464
20.62117 9.70218
2.54967 8.19422
4.12463 6.49126
2.70178 6.00564
4.11023 6.96706
5.25994 6.66886
4.25007 6.92706
22.22851 10.56075
18.82052 9.95702
15.84032 5.41349
3.22440 6.63269
19.97779 9.90655
13.87652 4.80165
15.98248 4.84410
18.34172 10.55218
18.94908 9.88422
15.02802 10.83883
21.04996 9.99714
6.89064 6.64025
21.05297 10.18663
5.35011 6.26805
19.72298 9.40359
22.01860 9.44977
15.75194 8.80196
21.42558 9.10978
20.03497 10.14930
21.62149 9.93248
15.15438 5.79720
20.45389 10.24712
4.27475 6.76774
20.08171 9.95722
3.81116 6.92302
17.22011 10.24282
4.76789 6.01573
14.43061 5.23842
18.95239 10.89816
18.19962 10.12494
16.09251 7.16113
6.04438 6.35797
15.05008 7.65821
4.45848 7.61020
6.64565 7.86920
13.32613 3.08372
20.66340 10.43754
15.75352 4.80604
16.98685 9.76576
6.32215 6.96635
4.15238 7.06497
3.76808 6.40289
20.61545 9.62600
15.13216 4.64032
17.22684 9.78669
22.69706 9.06590
13.74220 11.71482
21.41223 10.27769
17.43864 9.91729
4.65091 7.46445
19.56060 9.75378
5.98063 7.64374
6.44905 7.63708
4.09397 5.75405
15.99552 7.15583
14.00699 6.90145
19.98022 9.87040
5.20239 7.85230
16.51505 7.12800
15.81817 7.64616
14.86371 3.47523
5.81235 6.49708
5.36120 6.50323
17.86299 9.87213
5.71736 7.02749
6.01145 6.32822
21.70979 10.22058
14.47484 7.13172
13.91438 6.30982
5.52872 6.65763
5.82712 7.31911
4.26559 7.08364
7.32575 7.13184
20.29475 11.52337
18.84842 9.41268
3.08248 6.60288
4.28750 6.40550
16.16335 5.62279
20.93620 8.78231
14.70821 7.74518
14.24315 7.03797
5.24053 6.24534
18.01608 8.56407
14.99188 7.13174
20.45309 11.04817
16.41908 10.16399
4.41278 7.01442
19.85993 9.60123
19.83711 11.24470
19.72955 10.30639
19.96801 10.02750
22.44949 9.29918
2.31212 5.80870
21.65351 10.09828
4.68729 7.94863
4.82587 6.87246
3.05658 7.67562
15.07787 5.60567
22.43308 10.62897
19.12919 10.09545
6.27551 7.63651
18.30219 9.79227
7.16605 6.83439
6.23911 6.36913
2.72868 7.23509
4.41579 6.42647
14.31770 8.58937
17.97432 9.92214
4.77440 6.95769
19.95038 10.27114
18.76033 9.60872
14.85687 7.77396
8.14415 8.00427
19.90550 9.58605
20.51044 9.38263
14.04237 5.69928
17.43076 10.95090
4.19401 5.84057
7.35837 6.78255
18.72866 10.99049
7.00416 6.39324
14.92248 9.66970
15.45476 7.45486
15.59296 5.24588
15.22708 9.16334
18.98655 10.38425
14.45197 9.65253
5.98284 7.26009
15.36417 9.74888
14.72600 9.77830
21.24798 9.83341
13.71495 6.29525
18.58454 9.71735
3.79583 5.70151
19.84994 9.35098
23.36914 10.19820
6.33169 7.09122
15.97575 7.84983
3.68000 7.36079
7.04189 7.60848
16.98843 10.05517
20.83831 10.69125
14.67701 7.70129
2.53447 6.92978
20.97146 10.93797
6.32467 7.53826
4.45410 7.19525
15.89568 10.81218
15.77374 11.33100
15.11287 7.94194
16.34761 9.27401
19.29870 11.16954
6.71048 6.18203
2.49113 6.48930
5.60849 6.60827
14.66443 6.38493
5.13533 6.16804
16.55158 9.47647
3.36465 6.47859
13.19284 5.65313
21.53567 10.02394
15.55379 5.44009
5.39108 7.71727
4.22804 7.71226
20.95682 8.98822
17.80951 9.97084
19.69265 10.28395
18.32077 9.61406
5.99501 6.27667
6.72968 6.88621
20.83140 8.83108
15.00893 7.37570
5.24068 6.73324
3.06159 7.69429
20.34156 10.43429
6.86386 6.48757
5.81229 6.87713
15.53086 7.07356
14.39489 7.92608
5.05275 8.07759
19.41857 9.47437
5.25745 7.08524
20.35063 10.09371
21.04598 10.40935
15.21643 9.53781
20.04052 9.01968
22.13171 9.16536
22.13566 9.87860
4.88173 7.67436
14.68566 7.64125
3.92322 6.68315
15.50276 10.34956
16.71850 5.93405
21.94832 10.13270
4.12181 7.19302
5.14135 6.98951
5.29928 6.96429
13.22452 9.08091
15.37847 7.95924
18.07365 10.49468
2.96352 7.04125
6.65791 6.57594
14.81281 9.75851
3.51387 6.24112
18.88506 10.40744
14.34306 6.54632
5.96880 6.37225
15.45556 10.34496
13.27120 9.34383
18.94425 9.68887
17.81370 10.06625
6.04891 7.26778
22.10395 9.38745
14.42249 6.34925
20.01261 9.72120
14.92970 5.01835
15.68210 10.85923
13.67151 4.66208
14.47538 5.73593
20.67789 10.28154
22.32391 9.74191
20.93475 9.06493
18.65550 10.24191
5.96399 6.98672
5.92634 6.27021
4.19946 7.15312
14.95993 9.89532
4.08100 7.87874
15.47287 8.70667
4.84437 7.39337
3.27043 6.86124
16.07549 5.95762
16.47106 9.30193
16.30180 5.85499
14.60974 6.38397
15.47379 6.08323
4.92654 7.13721
20.82085 9.80161
21.29984 9.64242
21.86397 9.84215
5.73611 6.97732
3.57447 6.95788
4.73376 7.10351
20.40649 10.00959
21.47268 9.80314
5.74639 7.49222
2.48115 6.48960
15.93626 7.81952
18.17742 9.40034
15.98212 8.05165
16.75175 11.05537
20.57993 9.92766
16.54418 9.79639
15.36366 7.35826
4.51963 5.80476
6.09714 6.97763
4.69601 7.45159
19.83529 9.53553
4.03260 6.36839
20.74404 9.69592
14.88060 4.46079
15.34926 2.89369
2.90351 6.18507
15.01378 6.45183
7.30798 6.37295
5.86034 7.56475
5.49976 8.08426
5.07222 7.20320
5.48290 6.34966
23.39122 9.89189
15.13294 7.05831
5.10913 5.90316
14.02606 5.05996
15.26258 9.51615
15.83859 6.38633
8.34850 6.75526
20.61186 10.45041
14.97367 5.34853
6.97543 6.96516
7.75984 6.47579
2.98959 7.71147
3.40329 7.64510
13.60442 8.35134
14.44781 8.96822
22.69328 9.30743
4.77481 6.55692
14.66522 3.38856
20.23285 9.52120
20.81666 10.08390
2.20452 7.63148
14.80541 4.90063
5.80068 7.12537
6.59038 7.28522
13.15505 5.79249
7.65522 7.41977
4.56307 7.11480
13.91903 5.66141
6.52031 5.80416
15.43280 4.70658
15.08490 9.75605
15.28085 6.21254
5.23794 7.49219
5.03520 7.17735
21.45779 10.10488
19.80082 9.50477
20.51047 10.99881
14.46081 9.46871
4.14888 7.34779
15.68438 8.47228
15.20406 7.69009
21.05398 9.76203
4.68390 7.54243
14.64480 3.65717
19.25378 10.01707
4.97132 7.46375
19.05102 9.95308
14.65945 3.94883
15.62710 6.85934
15.52249 10.95711
18.14482 10.13350
7.75237 6.46852
18.97022 10.78452
20.59759 10.53657
20.14041 10.38662
4.77263 6.75842
7.26784 7.37186
20.67645 11.01788
14.71278 6.07362
15.85039 10.83599
20.97965 10.28588
21.05082 10.78986
13.89889 10.18815
19.73180 9.01734
3.59495 6.62323
19.91842 9.57184
3.66156 7.82487
14.64149 4.59970
6.08697 7.13569
5.55155 5.39969
4.01497 5.94350
5.82588 8.02208
14.52472 5.64118
15.70313 6.00640
20.81702 9.98798
3.57137 7.33952
13.71758 6.33919
5.95204 6.64022
4.66113 6.25127
14.75229 4.23231
6.63463 5.88385
5.19267 6.31750
5.76328 6.36297
3.23440 7.41475
5.16511 7.78597
14.58001 5.44242
18.43631 9.82791
7.19787 6.57175
21.18110 9.93617
20.82108 10.27705
6.89606 7.03825
15.17520 4.85601
16.05105 5.59536
6.68588 7.33079
4.70030 6.85033
20.33764 9.60520
19.87736 10.51695
5.95746 6.90249
15.00491 5.79366
18.08174 10.64383
13.87926 4.90804
3.74369 6.60702
6.25581 7.11463
20.05865 10.11305
20.27279 10.15535
20.29583 10.42425
21.91142 10.43379
14.58412 8.71809
19.54452 10.33442
5.31270 7.73387
3.49132 7.30154
17.15925 9.62752
14.57291 9.29659
7.33350 7.11434
7.58295 6.88189
14.77792 9.32312
5.04397 6.17020
6.18135 7.48626
3.76474 8.32399
13.07706 7.88492
6.02090 7.36758
18.12297 10.90634
7.22773 7.54871
6.49620 6.33592
14.86600 6.27740
15.08251 7.88311
14.28976 7.93838
5.17730 7.30668
20.38220 9.84001
4.68750 6.99390
5.33821 7.36409
3.16546 7.22314
19.21107 9.83158
5.03803 7.56766
13.86003 5.91340
18.73415 10.19270
21.09017 9.72256
14.74839 6.83994
6.34345 6.76387
19.56523 10.07748
19.81814 9.67120
19.00893 10.34973
6.34243 6.62517
15.20524 6.07817
20.76785 9.99053
20.49133 9.83803
4.08771 7.84290
5.17016 6.18413
19.42273 10.51953
15.65311 7.11183
13.67684 9.14153
22.06541 10.08694
7.22608 5.82620
19.76171 9.69338
14.54771 8.27912
18.57964 9.69128
5.89390 6.74907
16.33074 10.45445
15.20142 10.64714
5.75116 6.34841
14.66961 3.01696
18.09144 9.12766
20.82753 9.13423
15.08293 9.37469
5.84161 7.34691
20.13838 10.46238
19.60468 10.07490
19.11185 10.80306
6.26987 6.66684
14.24828 4.83696
7.45479 6.59244
2.19939 7.54417
4.61253 6.64841
5.49382 6.17365
16.18405 9.98486
14.81104 11.20191
5.44849 7.04487
5.48907 7.59205
14.77174 5.96209
14.59817 5.50281
4.61687 8.44204
15.30645 4.79633
13.60918 9.32747
4.10266 7.20967
16.01778 10.29494
20.35069 10.10275
18.34652 9.79221
4.60989 6.37251
15.24530 9.57380
19.55003 9.79285
15.80394 9.38999
6.39497 6.75576
14.82939 5.81969
5.15486 6.43411
15.61771 8.37987
13.90581 7.02534
16.46663 8.15644
4.12137 6.87569
15.68088 7.57406
22.30152 9.67395
18.85256 10.38213
18.32249 9.78438
16.17820 2.91334
15.51874 4.67404
10.45031 8.15346
5.14901 7.29005
4.13057 7.82661
20.32029 10.43968
19.98237 9.89529
20.03450 10.36940
13.86169 8.06876
4.30340 6.48356
2.95320 7.31586
6.29883 7.33715
19.12497 10.46867
21.43108 9.95704
15.74794 10.05924
7.66714 6.84175
4.21004 6.88572
2.62784 6.43891
19.75420 9.87474
13.96448 6.32490
14.69260 5.15390
20.03614 10.25614
7.63193 7.27792
6.18341 6.74820
3.05351 6.95370
15.07744 3.23931
6.16448 7.50145
5.08320 6.78489
18.12318 9.99648
13.93605 8.84212
3.69835 6.86000
2.79939 6.75817
15.10330 6.23369
17.91527 10.05273
3.27409 7.23862
20.29882 9.52870
15.18338 9.94439
18.90517 9.71703
15.10640 8.53449
4.54996 8.26547
4.35018 7.36026
22.07645 10.47395
5.10267 5.81857
15.53352 7.07852
22.26696 9.76660
14.68849 6.31730
19.19236 9.49740
21.28388 9.79615
18.35351 10.24493
18.57388 9.65142
13.70689 5.52196
15.24909 7.23576
5.32452 6.07294
5.06339 7.00028
3.94176 6.63809
4.26106 6.00989
15.21453 5.48913
14.42126 6.21695
15.12531 8.55479
5.93981 6.61117
4.44617 6.83770
15.26678 5.17737
5.50532 6.29269
20.52066 10.01455
20.04196 10.61246
14.40311 9.80552
7.51942 7.08220
14.94286 7.68443
14.73836 5.88761
14.41560 6.27614
3.48048 6.62672
21.86594 10.05602
7.36365 6.13476
3.68322 7.35199
7.06711 7.95902
15.20148 5.97991
20.96022 10.48181
6.14410 7.24234
20.29658 9.56216
5.00996 5.64951
15.06275 6.35876
4.82774 7.14965
19.91214 10.15847
6.58472 7.66021
5.93087 7.32421
2.72303 6.81224
21.38304 10.40266
5.28326 7.51594
21.51873 10.83360
5.75520 7.69348
