19.50629 8.91547
24.75724 5.50537
36.46271 11.86305
5.44856 5.88137
36.74639 10.28192
21.94309 8.94979
35.13049 10.65702
15.07039 4.66093
24.00091 6.56433
15.57206 8.14318
36.37304 11.01418
21.18934 10.50491
36.46115 10.55932
20.43028 9.74185
14.28398 9.86810
7.41724 7.91150
20.63846 10.00529
4.67050 7.00014
36.61203 9.08092
25.76330 7.33554
21.93431 10.06835
25.19346 6.50651
20.43425 10.41441
34.75467 9.01468
13.71287 5.37685
34.04886 10.96025
1.08365 7.26602
32.50916 11.55395
13.35638 6.48304
34.35022 10.65505
34.06474 10.10175
25.84744 7.44640
5.85156 6.42304
6.24003 7.36752
35.61748 9.70778
16.17301 6.48514
14.59452 5.97765
22.38363 10.40359
19.68509 9.99656
4.86401 6.77290
24.51351 6.40177
24.54313 7.05647
19.51984 9.27044
15.22254 9.66780
26.06231 4.63386
19.70033 9.82506
32.72959 9.15712
24.88565 7.46156
4.61105 6.71870
18.70712 10.05570
15.48040 5.14711
5.29915 7.39896
36.65959 8.00657
4.84529 7.88644
16.09458 6.72272
34.36372 9.95925
14.69549 8.57282
36.28776 10.03566
14.52419 9.45756
14.61021 2.99759
5.00333 7.13010
5.35942 7.68542
24.39923 7.42473
21.96081 10.10136
24.93573 7.33432
24.68977 5.75218
14.57163 9.30331
24.04151 7.19384
14.53118 8.54814
4.21931 7.09578
4.99849 7.98831
25.49901 6.60644
17.84369 10.64694
3.87528 7.02831
4.72082 6.93084
0.99513 7.20976
35.26393 9.49804
7.14786 6.77537
24.59809 8.08382
15.80939 6.77191
36.74101 8.16552
4.94616 7.09785
15.58109 7.50673
35.93782 8.91447
24.78951 6.35111
18.15787 10.24495
5.62843 6.43069
35.74819 11.93633
23.89502 7.50941
16.84464 10.03556
32.57847 7.86855
17.18486 9.60243
21.42801 10.08757
19.30817 9.13283
24.78820 6.49103
24.37375 6.57378
25.17471 7.06768
5.40164 6.97970
32.56985 10.44887
37.70489 9.86731
2.95028 7.47536
20.70828 9.85302
25.15611 6.13147
20.10745 10.01920
16.52485 5.68555
20.09160 11.23313
3.32200 7.19810
16.09672 5.86816
23.89464 7.52511
32.90471 9.22640
14.14123 4.39055
15.14303 3.72615
4.68870 7.13037
21.40259 10.09922
3.71927 7.57387
34.21024 8.97389
5.58805 7.90446
23.79253 7.86542
20.53031 10.19039
25.37921 7.67807
37.21251 10.18202
14.50884 9.90844
4.27635 7.68693
13.74796 9.55852
24.73173 7.88846
15.16140 7.29831
25.60929 6.95362
24.29980 6.36849
3.75982 7.61688
36.20046 8.73307
24.22080 6.36091
5.57600 6.56911
15.29422 6.31078
36.06475 11.54308
14.09749 8.51400
4.37090 7.32005
19.89370 11.08681
24.84394 6.62125
34.64736 10.86979
15.06145 6.39845
24.32157 6.38805
24.22300 7.66336
3.53700 6.37976
5.63110 7.19699
5.66815 7.18213
13.71037 4.65381
19.36854 10.32531
15.51501 9.34377
14.70647 8.24214
21.58331 10.73249
18.38353 10.74417
19.08395 10.27302
13.67525 9.78527
33.44377 11.84880
33.33855 9.41910
34.50420 12.58097
19.66589 9.62886
34.32626 10.72541
14.36037 8.93319
22.67374 9.13033
5.65414 7.04966
25.72647 7.14413
19.67304 9.99044
36.18653 9.24226
20.72988 9.45381
25.86173 7.35518
36.73014 9.44483
2.91618 5.54328
15.80773 6.50607
34.69034 9.12697
24.71836 5.50649
32.06474 10.17733
35.75325 9.05031
33.64172 11.32681
35.55780 9.01896
14.41433 5.83302
14.53970 6.17587
18.21971 9.22320
21.05086 10.80203
3.19578 7.15505
21.14996 10.90938
24.23459 7.67248
15.03213 8.70811
37.36609 10.99310
25.34421 8.17344
20.81242 9.99622
19.43230 9.94185
18.51166 9.65971
19.60708 9.89275
7.39096 7.70525
1.24188 6.91155
9.54692 6.28710
34.75556 6.87172
19.08689 9.47366
22.33518 10.73963
20.78851 10.52589
3.86710 8.33877
34.93749 9.00398
5.85558 7.99741
24.82598 6.82114
5.51103 7.20024
6.51115 7.38797
33.66366 8.35166
35.07731 8.12523
25.80883 7.20816
32.70659 11.57696
24.67596 6.18899
4.93268 7.28371
19.79634 10.28333
14.42345 6.91059
35.42725 10.72066
25.00715 6.67558
35.54378 9.71642
3.02119 6.42524
6.20981 7.26333
15.11138 6.39466
6.26865 7.37816
17.87926 9.33176
4.04837 7.82546
15.38126 9.27508
24.75477 6.99632
23.63658 7.29385
8.02186 8.32205
20.87752 9.96611
17.87498 9.90236
3.53608 7.07881
24.19699 6.07102
13.20225 9.92818
33.70067 13.54014
15.81210 8.63290
20.23656 10.11449
34.65714 9.70357
13.47013 6.51255
14.47979 7.29078
21.51059 10.17478
24.22851 7.82447
20.12090 10.25911
20.80303 10.33038
21.57375 9.52676
33.68232 9.48808
24.97501 5.82059
24.34979 7.23665
25.37265 6.26078
19.07868 10.58717
3.82079 5.91698
4.88879 7.10738
2.89378 7.15253
14.85346 8.13527
35.01009 8.04081
25.30663 7.31580
7.99970 7.75656
24.24808 7.64785
18.58646 9.90428
14.03952 4.62866
7.26688 6.71185
14.34117 4.53671
16.13232 6.53688
22.64702 10.01409
25.87510 7.66374
20.29502 10.20668
25.09874 6.98983
24.44388 6.50714
20.77600 9.50196
24.74899 5.53861
13.84569 7.86797
18.74206 9.51626
24.28322 6.84310
25.38599 8.33410
15.83414 6.78028
4.29836 6.34682
22.35053 8.86809
16.66708 9.09439
8.44936 7.38970
25.09712 7.32727
33.99171 8.87879
3.78556 6.19031
19.74360 10.10956
24.65849 8.88833
15.05422 9.40895
15.80186 8.26894
26.11844 7.69096
15.03144 6.52259
14.16676 12.19549
20.37332 10.15691
35.52162 9.77349
19.29486 9.72752
5.74130 8.14397
35.04525 9.46904
33.67600 10.48178
14.60439 9.06352
19.84722 10.04032
13.69315 7.88963
18.06891 10.17016
16.18985 12.03431
23.81244 9.90007
38.83959 10.01954
15.97728 7.47806
19.16627 9.63941
24.59972 6.69434
15.06406 8.72322
25.48285 7.18447
21.21481 10.81041
6.59760 7.23762
38.26909 9.04792
15.34267 8.41700
15.02349 6.16494
25.90704 7.84360
24.53396 7.38102
6.21945 7.33495
25.31396 6.96229
2.82709 6.54256
20.91452 10.21461
15.73381 8.21839
26.34835 7.16380
5.62165 6.77691
34.81404 9.53992
15.33510 8.38603
18.41467 9.55772
33.20134 9.48563
35.16512 9.91951
6.32285 7.64367
13.58104 7.29940
2.27206 6.27564
5.44329 7.26950
14.69955 7.59934
7.06350 7.84299
15.37972 6.81094
19.31862 10.75289
31.92153 9.76062
35.41320 9.57057
20.49053 9.16765
13.63249 7.43658
26.03365 8.20166
3.20882 6.09926
38.63656 9.91091
21.77797 10.27838
26.12849 6.63051
21.49589 10.18425
36.94255 8.21997
37.47455 9.67716
14.44519 6.47475
14.79728 7.38381
24.70753 7.37579
25.97760 7.01414
5.21690 6.63896
38.00526 11.16209
6.49638 7.39490
25.29653 6.54177
36.57500 11.17254
19.14036 10.52321
35.19072 10.02043
35.09984 11.55094
33.22190 9.88154
18.02631 10.81070
33.64562 11.70406
14.33018 6.87274
19.64500 9.41046
14.17903 6.33100
-0.36183 6.86639
25.50251 6.52531
15.10787 7.99869
25.36260 6.01753
37.29391 9.58717
24.90746 6.46095
6.64081 7.33818
5.69910 7.18232
33.58950 9.40309
24.33534 6.00607
34.70334 9.82918
19.35940 10.81740
31.94461 10.07990
15.91381 5.12970
32.24450 10.53006
5.84793 6.63349
3.04710 6.47926
24.35213 7.74022
15.06754 6.26196
25.50123 6.49897
25.02272 6.43540
34.66531 9.22336
14.49224 5.35299
21.30348 10.55666
4.69733 7.18721
25.53074 6.26742
36.68810 10.88766
33.48401 11.40341
24.99375 6.78604
19.27765 10.20249
35.81725 11.01482
19.41942 10.16040
18.57670 9.49869
25.39798 7.02696
21.41247 9.88159
6.55207 6.55253
32.86913 11.53322
25.02113 7.56193
14.51475 6.68113
15.38479 7.95915
18.64175 9.69855
25.67998 6.62872
22.72843 11.38519
25.95268 7.72106
25.10219 5.53094
15.13183 6.61296
6.47384 7.03251
24.58723 7.76621
13.55885 5.83005
25.79975 7.12332
33.87125 9.44245
16.52969 5.22032
19.22593 10.28167
36.98715 11.23654
7.56779 7.00574
6.14913 6.94798
18.61292 10.06164
5.72711 7.52398
37.80905 9.61588
15.83462 8.69654
15.23868 9.70939
24.96703 7.24281
36.68262 9.76621
15.29843 6.38768
20.78774 9.68767
20.73737 10.06305
14.93547 7.90671
5.21998 7.08796
14.81988 7.75920
5.87847 7.48999
33.92377 11.18439
6.43895 6.66213
14.87626 5.43857
15.19083 9.66821
19.56489 10.31599
37.33549 9.05164
24.16099 7.97487
24.93847 6.89825
19.96998 10.13995
16.12250 4.78984
19.20558 10.22570
21.57380 9.14302
13.12957 11.20201
14.60573 6.82682
20.39346 10.47042
4.53533 7.07082
37.71754 10.52014
5.44639 8.04444
34.95066 9.62683
6.03394 7.45911
5.36727 6.98371
14.19232 8.34250
5.76500 6.25690
35.85846 10.84035
23.62767 6.86935
21.27849 9.33966
20.12723 10.71387
21.60329 9.18408
14.35158 7.82056
14.45453 4.55218
14.45248 3.19577
13.67504 7.33711
15.47819 9.60847
20.77544 10.18575
34.71692 10.27921
16.44448 5.48523
32.22664 11.03851
23.98796 7.26064
3.86679 7.72000
15.61746 8.12087
4.40486 6.17498
5.20126 7.12717
35.80604 8.98834
3.06496 6.24470
20.76264 10.22624
7.11256 7.94130
16.75513 9.67910
37.84821 8.34525
16.06929 8.62584
26.40937 6.80798
15.75856 9.39613
15.10953 8.41097
18.85636 10.71010
3.67457 6.55614
16.17228 6.76199
20.88418 9.85729
24.86416 6.85903
17.07277 9.76473
17.84708 10.39611
20.00167 9.67489
33.83715 8.91539
6.37665 5.80914
21.74063 10.39594
24.16960 7.33515
23.84483 7.20719
15.82984 8.96474
16.99428 6.67879
25.60866 6.36660
8.17386 6.19822
15.42574 4.10687
26.21393 7.38333
14.08375 8.01503
14.23249 6.38022
15.92503 5.46061
14.72950 8.81995
8.24785 6.78082
24.62275 7.02902
19.80776 9.88547
36.06450 9.94962
35.90394 10.11854
19.69011 10.16912
15.16241 7.97012
33.38872 9.11952
15.41328 5.75260
27.04960 6.89458
24.07775 6.11462
21.22060 9.20760
24.19162 8.18682
14.96518 9.69395
14.68343 6.90089
20.19551 9.62838
32.45482 9.94118
4.63903 5.97152
33.90411 9.33313
15.89647 6.97067
25.42060 7.43417
26.22621 6.75886
33.79206 10.76914
15.02448 10.00817
5.28552 6.34100
15.23859 5.83670
14.17552 11.04179
25.79647 7.79462
3.90214 7.42234
20.39976 9.51399
19.11039 9.31351
32.40490 11.82832
24.45691 6.93048
5.16588 7.33196
35.76294 8.31856
14.22041 5.37960
35.18723 10.30261
3.88905 6.07683
14.35707 8.75703
36.69605 10.56410
35.96351 9.71578
4.77135 5.90794
33.13376 10.98436
34.43509 11.00519
20.28698 8.91590
2.35710 6.86813
17.00804 5.64439
14.24485 5.93910
24.77958 5.62981
3.69144 6.27326
24.79136 7.15845
4.61945 8.66463
5.73090 6.60187
21.02458 10.16545
20.54318 10.17880
25.26183 6.44442
35.71424 11.11905
35.20974 10.33255
4.63721 6.20361
15.92470 7.98132
26.23027 6.41193
3.60697 7.57552
24.96953 6.83618
32.54658 9.65727
33.02728 8.99588
21.82798 9.76679
25.39146 5.81612
24.12606 6.59947
20.43594 9.38928
18.99899 10.89334
17.88973 9.92927
21.82374 9.60063
18.89686 9.53190
15.33283 6.97308
36.16310 11.21263
15.40775 6.86834
4.59264 7.40740
25.00029 6.70702
20.00560 9.92846
14.33361 4.09871
17.00516 7.19142
24.94685 7.12736
4.93806 7.38253
23.96648 6.75465
3.66098 6.51622
25.63622 6.88432
33.54519 11.34943
25.39229 7.02706
6.30567 7.93939
15.14075 8.41763
16.59080 6.00191
14.51058 7.66919
24.46283 6.95505
6.74057 7.48177
14.70931 4.55772
23.47498 6.36751
15.04173 8.58008
7.75286 8.04863
8.79454 7.25580
5.50083 7.68226
5.01305 8.54243
35.20109 10.42546
33.30629 9.11708
5.45964 6.72510
32.84850 10.92787
15.79318 6.11840
36.90074 10.15066
15.70634 10.12048
24.31749 4.50007
5.08946 7.37815
17.10612 9.11273
17.20694 9.72640
14.56776 5.95892
19.57202 9.74460
24.63997 6.83988
34.66058 11.93811
21.25365 9.82317
15.77684 7.53074
2.33325 6.85308
23.80185 7.80133
23.97398 9.98508
6.52922 6.68757
20.77281 10.23768
18.37733 9.18547
18.99883 9.55356
15.47041 7.57466
15.60350 7.30879
15.65464 5.19932
15.62696 8.25980
20.57591 10.56420
25.22247 7.47286
19.70359 9.20216
14.17073 7.11415
34.02500 9.48343
17.79077 9.55405
22.47422 9.48070
14.44174 5.18499
15.00324 10.59905
34.84116 8.78402
15.28309 5.53309
24.82598 6.40991
3.32252 6.50752
18.82875 10.94853
24.99188 6.66486
34.50420 11.05260
34.37867 11.94756
3.93740 7.55173
4.77952 7.23497
23.59420 7.91716
34.33041 9.29061
19.30090 10.56825
4.13726 7.51540
35.73817 12.21849
25.65421 7.25355
36.66809 9.56088
25.67493 5.96113
14.96284 4.58762
14.79250 8.58949
35.20326 9.41745
32.48904 8.84232
34.48775 10.52011
14.68803 7.07921
18.00192 9.68185
5.59617 7.16529
6.40903 7.22996
36.35122 10.31810
19.49568 10.48702
31.73090 10.17469
13.84399 5.01999
16.27304 8.79102
6.44040 7.22100
24.65675 7.32455
4.78415 7.23162
21.29389 9.57378
16.36583 6.63316
5.84117 6.64695
21.45204 9.35639
6.45955 6.19358
33.36769 10.61870
5.57461 8.21347
5.15114 7.36143
14.09200 4.24818
4.55747 7.85318
7.97706 6.44374
25.29033 6.43841
34.67330 10.39162
6.22278 7.00741
17.98943 9.68212
18.97011 9.49517
32.91563 9.84351
23.84359 6.05009
24.11719 5.82691
24.70770 6.81225
15.31656 9.07096
17.82987 9.50697
5.11751 6.84789
25.17498 7.23797
38.43997 8.74995
19.90289 10.46872
15.66322 7.91958
24.74940 7.03000
17.30538 10.35053
22.52389 9.94754
15.90816 9.56425
13.33942 7.58315
15.52137 6.06078
32.50795 10.65616
20.47818 10.09633
36.16606 8.25654
6.48278 7.32778
19.22123 9.48603
5.03277 6.89795
5.41126 7.34782
21.35204 10.53341
25.23151 6.56463
19.97272 10.10449
17.27835 10.12951
15.44682 7.32416
15.98929 6.55702
34.76442 9.92582
25.39543 5.58617
4.95246 8.36547
25.26312 6.45143
34.50396 7.71095
32.35719 10.12785
35.48128 11.23728
14.62711 7.30644
18.37356 9.58323
15.41507 8.54183
17.82925 10.04509
24.98237 7.20183
1.53754 7.21046
36.17939 10.10888
36.24158 7.51234
5.49344 6.00112
24.69029 7.62851
34.80245 9.66864
25.97922 5.10193
14.95826 3.30362
25.32677 6.84912
20.09407 10.20796
35.05099 10.49172
14.65203 6.86091
18.52196 10.02235
4.38435 6.70803
4.89961 7.20718
19.95598 10.43648
4.81301 6.63944
24.15411 6.44452
5.67372 7.79583
20.15623 9.66251
25.82493 7.02091
35.07444 8.37925
24.73555 10.03604
16.97612 5.85341
33.83854 9.54255
32.10015 11.80957
3.74511 7.07831
35.69012 8.72445
3.12550 7.29070
3.15023 6.67144
26.44439 6.91051
25.62093 6.61641
15.11679 7.90809
15.31531 9.87528
17.37152 10.06580
15.80179 5.09447
18.96445 9.91906
4.45859 7.26485
5.55363 7.06128
24.88150 6.21830
6.32883 7.32421
25.50822 6.50900
15.96055 7.01845
24.74362 7.25625
19.59523 10.25261
14.26786 8.38579
5.14993 6.75026
20.30528 8.77624
5.08800 7.07587
5.91248 7.14943
3.86768 7.54760
5.16456 7.88330
15.27944 5.40715
23.64905 7.98030
25.05799 7.11770
5.72972 6.07658
22.28615 9.78582
15.70390 10.52986
24.91062 6.42908
5.04589 7.72600
5.35102 7.35194
21.52427 8.71694
18.67795 9.05415
36.25466 10.15185
6.69526 7.44876
6.83801 7.02994
15.03823 7.90519
6.42873 8.00709
14.21589 1.73458
6.95563 7.08685
33.81320 8.12535
33.63344 13.07417
25.15930 6.18878
21.06649 10.00841
16.03742 7.32329
15.38747 8.26497
26.82308 8.03701
23.74329 6.91844
3.93374 6.98386
34.05431 8.81376
5.69540 7.88435
21.72812 10.28563
18.89041 9.66231
34.65385 12.00760
20.10202 10.04858
14.90493 10.40248
33.34834 10.25663
34.46793 8.49366
25.19235 6.98395
14.33261 8.96453
14.36111 4.48299
25.49880 6.94810
15.02303 9.49220
15.38967 8.41324
5.26264 7.00415
35.24874 10.47632
34.22782 7.59784
24.65598 6.75563
25.19371 5.77614
36.27528 8.61256
15.13271 11.05722
20.52803 8.92864
4.27098 7.46207
14.55754 8.03678
19.91784 9.99089
36.84689 9.78700
4.71186 6.60639
6.55781 7.22296
15.41211 6.29329
14.84481 5.56050
38.80641 9.93619
33.19417 8.90238
3.29873 6.50655
25.58198 6.84866
15.10164 5.76017
13.54782 3.45904
25.28601 7.64673
15.03565 11.17374
19.07514 10.46092
14.36286 2.14300
18.27624 11.08956
17.12789 10.37054
6.66882 7.95496
4.11890 7.71766
18.35609 10.29869
3.26702 7.04654
14.80845 10.11929
24.58379 8.00555
24.20538 6.64307
4.86320 7.25652
14.65151 6.84367
14.32891 6.22170
16.64162 9.93804
4.56013 6.23066
15.83390 3.22453
37.31526 9.97515
35.05154 12.01288
24.99479 7.69775
34.84446 10.73616
14.25421 6.50136
24.91200 6.53861
33.25013 7.79637
15.93672 4.73343
13.61162 6.84278
35.95381 9.32328
14.38834 4.76386
26.31360 6.92392
20.74184 9.81339
36.32792 10.31371
24.69580 6.58824
14.40746 7.51573
35.60118 10.94304
5.83925 7.30752
14.92060 4.95900
25.83556 7.99193
15.30545 12.12765
19.58821 9.41282
34.47141 9.46710
15.55641 7.54541
20.40959 10.24667
25.69592 6.63787
5.38683 5.54543
34.65854 10.34655
16.89412 9.79525
6.00494 6.83766
33.68186 7.60605
5.14837 5.95559
37.10130 11.18238
5.47136 6.24371
36.46950 10.49737
24.85480 6.74554
18.46638 9.25711
36.53934 10.73626
18.24790 10.19968
19.08166 9.80144
16.07630 8.40264
15.50303 7.29753
35.23086 8.78260
22.88806 11.36578
15.69584 6.58888
2.53341 8.01385
21.62384 10.39531
14.90561 6.67567
14.98493 7.67138
25.02233 7.17968
25.24014 6.79147
20.70789 10.56958
25.78231 7.66464
18.40453 9.35332
34.30096 9.18232
20.88217 9.60892
14.33355 7.95012
24.75973 6.92886
14.34545 7.57078
19.73059 10.62788
24.09254 6.62345
24.82658 7.75191
25.37602 5.91268
13.92895 6.31894
25.21392 6.64020
18.53955 10.50563
15.51157 4.90478
24.26056 6.94603
26.26637 6.65515
6.69508 6.92558
24.86527 8.62948
27.50862 6.78595
33.57962 8.42641
32.75712 9.76729
36.47109 10.80555
35.00464 10.28213
5.46328 7.17231
34.02134 11.36297
26.03677 6.89005
4.04691 7.00161
6.14357 7.70117
15.22452 7.14743
20.54735 10.02672
24.17609 7.31487
26.23384 6.98912
15.32969 8.90675
5.78773 7.21803
15.34479 7.30736
37.42753 7.93750
3.24050 6.85732
6.36013 7.07615
21.02263 9.91740
25.75369 6.27452
15.69322 3.97134
25.67284 7.69563
3.70427 7.96525
24.39620 6.56054
14.27750 7.67639
5.14114 6.96555
17.84102 9.74399
24.58074 7.62688
5.89824 7.57819
14.65111 7.63308
36.78372 8.21051
15.89763 5.28627
35.21667 7.32463
5.41003 7.33685
25.06778 6.88848
18.76342 10.58284
19.63164 10.25714
35.48267 12.34909
25.79700 7.20023
14.42848 4.16855
14.50976 8.07901
36.11333 10.02233
5.99897 6.62709
2.93339 6.96716
3.34440 6.17747
25.39999 8.14351
37.73167 10.61471
3.91245 6.54283
15.21592 7.97234
15.00758 5.56305
25.85362 5.28689
25.43904 7.47457
25.25742 6.94794
5.74832 6.67809
19.59854 9.33842
25.47057 5.85893
25.43343 6.38177
18.76920 9.88870
25.25623 7.08037
25.12615 5.79415
15.00239 7.26960
4.52720 8.02041
21.63481 10.14095
5.55534 6.93131
5.17652 7.48351
19.61344 10.14865
35.70392 10.36109
20.65169 10.12017
8.11770 7.65430
34.37527 10.84094
20.38630 10.56039
6.08270 7.32637
21.96131 9.52374
7.20605 7.10017
7.41846 7.99595
14.63387 7.12277
19.63551 10.47859
24.70223 9.61655
15.20967 7.73275
20.83421 10.27918
14.91972 5.14028
14.66109 10.64673
15.27777 5.20643
36.67286 8.64910
5.62697 8.43834
15.42435 8.42553
4.36817 6.42131
5.17871 6.46587
22.14736 9.35502
35.40774 10.46816
5.03670 6.44585
25.37581 6.63594
27.12922 6.52126
23.13055 6.91020
13.80440 4.44363
14.52178 6.34138
16.65779 8.84921
36.26372 11.82591
8.04388 7.42760
35.50481 8.57699
24.50393 7.89286
24.91396 5.88430
21.49595 10.49931
7.41363 6.41591
34.41152 9.44909
14.98022 4.16091
36.42252 8.74194
5.17814 7.13443
20.41264 9.66400
5.09434 7.15731
2.88107 7.75002
25.37611 6.44784
34.79448 10.09376
21.68262 10.11982
14.20730 9.35896
18.07226 9.78983
6.84166 6.98494
24.80739 6.15638
23.41933 5.55511
13.84937 6.06565
34.12988 10.11193
25.22108 7.22388
25.59023 7.47599
4.05392 6.69628
25.12333 5.76709
36.87821 11.06369
22.11458 9.16620
18.34577 9.67794
26.02100 7.73368
20.73924 9.72716
33.93124 10.94324
25.60311 6.95147
19.66047 9.43985
15.50606 8.17176
18.34545 9.32085
14.09793 5.98324
3.92000 5.83690
3.65140 7.55048
24.90391 7.87995
25.44976 6.75163
5.45068 6.38385
25.54495 8.07118
36.48406 11.52816
3.55856 6.25508
4.45147 6.15119
18.99610 10.62417
21.68062 9.50917
32.42171 8.96363
15.70597 8.58939
5.39269 6.38206
19.83145 9.90042
4.33977 6.49900
4.80890 7.59125
25.45111 6.99795
14.96221 6.96242
34.38876 11.09890
13.90751 6.02568
14.82709 3.96747
22.38895 10.00725
25.03134 7.79027
24.41498 7.60131
21.40272 10.26968
6.73466 7.35485
32.33899 9.60932
36.08890 12.26595
35.10787 10.59118
5.88353 6.52953
13.58114 7.51545
23.95671 7.83849
14.76202 6.64379
18.32881 10.23224
15.82217 5.97851
4.74579 7.34483
36.53224 12.37958
5.97656 8.08762
33.55381 11.03705
17.69563 9.91080
15.08301 8.63378
35.63305 9.16870
5.60091 6.47719
13.61481 7.13801
2.35842 6.83873
4.88164 7.48606
6.40619 6.91451
17.56113 8.73634
19.42428 9.93347
14.62843 5.44942
6.33404 7.76610
22.04850 10.37941
5.45122 7.88585
36.57350 10.83839
24.21962 6.01721
4.44473 6.90856
35.34308 9.58185
21.15502 9.26638
36.08991 10.56200
24.87753 6.62911
14.78615 5.35003
14.22554 7.72733
19.20871 10.50211
21.44767 10.33935
25.14327 6.39918
5.82062 7.67625
35.08840 11.23050
16.82205 5.04613
35.15355 11.21806
20.80187 9.43010
25.23719 6.01008
15.02694 4.66553
24.30387 6.69847
15.30891 7.30186
15.49942 7.31275
14.87962 9.47086
21.32203 9.69162
6.14983 7.68658
34.90972 9.08785
25.13378 7.03010
15.07332 5.66318
20.78974 9.25284
25.35949 6.19918
20.25500 10.58640
33.58547 9.54344
20.69540 10.00891
34.68763 8.61948
16.65043 9.37603
20.20912 10.11160
20.50916 11.34374
26.03802 7.25475
14.03806 6.72717
20.57162 10.18197
22.46995 9.53879
2.64769 6.79478
5.34382 6.12564
37.46106 9.25426
19.30941 9.38483
3.30448 7.14411
14.40249 7.75214
37.52053 9.45614
5.53797 7.09667
19.41532 10.34381
4.19864 7.18197
22.88873 9.76547
14.44723 7.62821
25.49462 6.77676
25.03449 6.30808
24.49983 6.60238
15.78620 7.93376
36.95157 8.71912
3.84389 6.53501
25.17505 6.62536
36.30490 10.30705
14.90196 7.16945
14.61270 8.93955
3.63080 6.18106
25.97937 8.02330
4.25149 6.81053
18.34972 9.56981
33.16227 10.56503
4.94918 8.31932
26.79254 6.28542
22.32208 9.84369
25.41006 6.61318
21.94537 10.33735
32.47914 11.24707
15.46357 6.56314
14.62445 9.44160
15.56917 8.34902
20.83164 9.16288
15.68106 6.75393
19.31658 10.34314
33.55021 11.07657
7.76677 7.59190
34.65112 9.27575
14.71373 8.57455
24.34499 7.70813
15.12000 10.08096
15.82017 4.89013
14.94379 5.63864
35.23260 10.19626
25.37688 6.67640
15.10454 7.46630
36.15075 10.58736
13.99412 4.30323
3.62031 5.99579
19.52397 9.43083
24.69870 7.51440
19.88671 10.07163
19.39630 9.99988
25.42469 5.24850
21.10031 9.77134
5.26405 6.53161
14.86983 10.17147
6.61190 6.13245
24.81142 7.08664
4.56968 5.88819
25.42544 6.43175
19.94295 9.17970
13.83334 6.65913
13.99118 8.35808
17.88310 9.79123
20.75432 10.51731
25.70083 6.41148
25.25030 8.46971
21.75204 10.24310
20.42865 9.83723
16.47407 6.20664
33.02354 9.37061
5.11488 6.44150
36.58550 9.67273
35.84829 10.88517
15.23978 4.53447
14.51502 7.68293
4.61184 6.43381
33.80112 8.89341
4.06128 6.76790
14.96990 8.98692
25.04148 5.58720
5.08541 6.96790
24.75909 6.72517
35.16833 8.96155
19.45643 10.26610
7.39537 8.00901
22.43812 10.46382
25.40831 6.14430
25.63593 6.84147
6.55064 7.17445
16.09747 10.54639
36.33304 9.72102
34.38224 10.51407
4.94853 7.47040
19.34008 9.31144
15.54616 8.36764
34.07524 8.89277
20.18443 9.45559
15.80678 9.53117
4.76252 6.63485
35.40914 10.73878
3.82622 7.34305
15.70609 4.21631
35.20796 8.92024
13.88920 6.60887
33.68706 11.10860
33.56194 11.50851
5.03070 7.84362
14.90951 7.33199
35.16106 11.09367
31.49340 11.09077
22.29262 10.33940
25.06270 7.08606
21.46932 10.50972
32.61142 9.91875
6.69665 6.75585
14.53021 7.50387
7.45700 7.32734
20.85856 10.15376
32.44876 8.82650
3.82817 7.00868
34.97880 10.01119
14.23017 14.31651
7.81965 6.44372
6.85927 5.99780
4.60670 6.97617
34.92908 10.36826
19.17114 9.97247
5.24244 6.51208
24.33904 5.90683
34.20421 9.10976
14.36994 11.64095
4.89258 6.61132
24.66639 6.69355
15.14151 7.66969
15.53652 8.58413
36.32111 10.33152
25.58655 7.61132
15.21548 7.53617
33.19158 9.12326
32.70864 9.47024
5.07506 6.93727
14.91745 9.59624
34.42467 12.58185
24.03052 7.37807
25.30294 6.09033
21.59051 10.44838
15.31398 8.59658
24.70465 6.99291
24.98920 6.40648
25.04890 6.45538
36.34387 11.14063
26.53355 6.98928
14.67412 5.21550
20.38289 9.63266
4.57417 6.62733
21.32115 9.51013
25.72867 7.79435
36.24506 9.88933
2.47370 7.31389
33.80990 9.44677
15.60495 9.31843
17.28568 9.89501
36.13877 9.91410
15.57059 6.73299
19.63380 10.07278
15.66177 8.65545
25.88639 8.04300
24.31974 6.39914
3.39447 5.49026
5.08461 7.17828
25.81984 7.19020
6.78552 6.98210
3.82524 6.55710
3.06929 7.53194
35.59068 10.73305
25.07306 7.58575
31.34536 10.19094
24.48167 6.72675
32.69005 9.85075
19.61857 9.68523
14.66800 10.95258
24.72214 6.89439
25.66754 6.66896
24.42097 7.26167
35.94147 9.78016
25.41398 5.99703
14.75041 2.92114
4.43301 6.85926
20.27116 10.00835
19.74395 10.31521
16.33032 9.00244
17.76514 9.69303
15.02687 5.47725
20.95288 9.73707
20.41110 10.52339
34.60005 12.90554
15.00003 6.98179
20.26716 9.84704
18.10376 9.96795
3.88772 6.90719
25.97417 7.35617
17.04083 8.95721
14.54781 11.86918
19.54407 10.87675
6.36315 6.57368
23.56249 7.38416
21.20945 9.75821
25.68459 6.54501
33.06851 10.00596
21.11996 10.55193
3.98750 6.73936
24.54051 6.28907
19.58685 9.76034
4.60412 6.75595
25.76156 8.55360
36.01588 9.43444
1.75194 7.71353
3.44286 8.50882
7.46293 6.60011
36.61426 10.09953
14.79989 5.92310
16.08959 9.81395
24.00744 7.72746
16.47351 5.37232
24.46044 7.96200
18.42177 10.55802
37.41900 9.89240
25.86175 6.42211
19.38775 9.09913
32.62422 10.35815
20.78281 9.43270
24.98691 7.34042
36.25772 8.20629
19.93804 10.41415
21.67780 10.50620
2.65641 6.31945
18.22986 10.20723
37.09604 10.96658
20.65303 9.82784
6.99583 5.55245
15.25762 8.05473
35.17561 8.78387
34.56250 9.79908
26.27251 6.17004
25.89760 8.43142
3.63854 7.81278
20.37155 10.54905
6.23902 7.79619
15.79890 7.68282
3.83871 8.23566
24.56981 6.33895
2.36572 7.69009
5.71834 6.72820
34.37265 12.84151
18.75602 9.83112
16.19983 4.01871
35.95108 11.97212
34.00701 11.07921
35.33330 9.45585
34.22940 9.44010
14.65648 4.56716
24.48836 7.72769
34.76798 9.49143
21.06140 10.18251
4.27018 7.23996
36.79319 8.63764
21.90793 10.30624
36.33689 10.60761
7.80735 6.63345
36.33289 11.44907
16.28008 5.69054
21.60149 10.46048
15.11444 8.45132
15.70664 2.33969
25.30821 7.94297
34.29352 10.44692
34.23006 9.63222
24.56159 7.88453
25.63577 7.70189
13.81073 10.05558
34.99885 9.29129
4.21829 7.81423
14.95048 3.74054
5.48726 6.66778
19.82033 9.32835
24.80848 7.25260
13.78600 6.75584
23.21998 7.46333
5.95095 7.56701
24.12984 7.47457
17.77061 10.33265
19.02854 9.64150
34.00908 8.51551
22.83970 10.44078
14.38555 2.77534
36.30779 9.26640
34.10927 9.62453
34.00230 10.43149
35.85888 10.42676
19.45789 10.26329
15.61382 5.86087
14.36785 7.06227
32.03846 10.33484
20.44396 9.82573
16.24019 7.85504
18.20609 10.09662
25.50876 7.21352
37.21732 11.38254
13.88183 5.39610
20.06225 10.28792
23.79880 8.32776
14.47557 7.52128
2.68573 7.25764
23.25105 10.29457
25.56539 8.28883
14.62554 4.02348
4.08948 6.40383
35.87314 10.62813
5.69428 7.73666
3.57229 7.51133
26.07751 6.20498
24.51731 7.52011
19.85192 9.97836
5.22698 6.26350
37.38551 9.67373
14.79036 6.85636
19.05118 9.91453
24.17293 5.97912
34.72410 8.51878
33.25463 11.24846
25.40432 6.49737
24.62180 7.22368
5.27443 6.27133
34.81474 10.25926
25.19961 7.21944
26.31669 6.93683
23.12961 10.97734
19.68169 11.04076
14.24153 7.74224
24.68467 6.57945
19.83014 10.85293
15.42331 8.14325
25.09845 5.89496
24.69293 6.31187
23.53048 6.33275
14.64250 3.22207
17.63800 9.51400
5.88113 7.55123
25.90285 6.75569
18.01557 10.38822
22.05107 10.95940
24.98119 7.22440
13.18283 4.01315
35.60496 9.02816
2.04995 7.16831
14.19119 6.94741
35.02186 10.30734
24.51602 7.55259
16.10124 6.04754
16.75592 10.07008
35.35497 10.55786
5.01366 7.68899
17.47935 10.02610
24.83359 6.36569
4.20284 6.57815
9.17731 7.32016
13.93437 6.79660
34.84922 8.64183
34.94180 11.67675
3.18377 6.95059
4.85867 5.55513
14.22680 4.74498
14.56110 10.18852
24.33394 8.35018
35.58945 8.67109
21.21442 10.38509
25.97319 7.03816
18.22679 10.18189
15.02056 8.76987
36.45253 10.54779
7.03491 7.28447
24.84583 7.02188
4.93969 7.97449
25.35887 7.29268
18.93870 9.66156
38.25885 7.55847
22.51353 10.11628
36.16825 11.08831
24.41484 5.56062
14.84429 8.58670
18.10837 9.48094
24.75499 5.57514
6.76699 6.65087
35.38386 8.77230
5.05640 6.21954
14.97026 7.69705
38.14439 10.16015
5.22240 8.83201
20.61999 9.88224
35.67693 10.68945
24.36373 6.91410
36.67003 10.47499
14.67631 8.09978
36.37935 10.31267
35.79118 9.03163
24.13399 7.29105
18.81627 9.98627
35.88769 9.84561
14.84402 5.30033
16.50343 6.21815
34.31424 9.31713
13.97847 5.12915
34.04480 9.27406
25.70685 6.18633
16.18857 10.18635
4.36079 8.16789
2.73357 7.02503
3.62174 5.94614
3.47130 7.95946
15.10762 3.33682
20.93116 9.83832
24.57046 7.25372
18.71667 10.49709
25.08285 7.66011
5.25706 6.66694
19.29999 9.48236
2.98346 6.92184
33.59928 9.54533
24.72630 7.91089
20.64283 9.72297
21.41457 9.78578
23.46017 7.61474
34.92269 10.85484
18.32943 10.00735
2.40585 6.40916
2.59028 6.23911
5.74043 7.03187
15.57155 9.14293
20.78013 9.83174
17.30381 10.98128
5.50544 6.00383
18.53725 10.49436
22.02460 10.74929
4.32792 7.38814
19.60347 10.12312
25.31040 7.77784
7.33985 8.10716
34.99809 9.99913
15.28005 6.19808
18.25808 9.98944
23.45887 7.76889
26.24214 5.52985
35.11541 10.36894
5.34185 6.93283
33.00802 9.99763
33.21260 10.60171
20.37611 11.52679
17.25998 10.03298
23.55594 7.19740
13.83680 9.09114
16.14913 7.52499
25.38628 6.85577
24.22915 7.32678
19.29980 10.13267
2.52916 8.08514
19.78690 10.39587
13.58129 3.92569
21.19152 8.81986
25.38325 7.52853
24.57317 7.72661
34.55645 9.41913
31.01745 10.78330
5.25445 6.94076
19.93984 9.24137
35.99667 9.38835
4.07408 6.29090
13.65009 8.34463
3.76960 7.98221
20.16407 9.48794
19.95110 9.26122
35.45837 13.12063
7.90990 7.00927
6.40377 7.52055
2.74526 6.58275
3.82356 6.74869
5.12412 7.74300
20.94494 9.56614
25.62141 8.35084
25.65893 7.08488
20.05505 10.41860
38.30644 10.00920
17.28071 10.59455
34.10313 10.31672
16.32208 6.85359
4.28199 7.33081
15.52689 6.70838
15.14127 8.20513
21.43630 10.39141
24.32773 7.66084
16.94883 9.42055
24.50698 6.48008
20.38318 9.75446
15.17423 7.63481
5.16369 6.89455
14.54687 7.95656
26.21987 6.64844
33.29515 10.23939
35.25630 10.93978
3.31184 6.62274
20.10308 10.64362
23.63225 10.81036
29.61783 11.52481
35.14294 9.96734
35.82712 9.97233
20.58234 9.45856
24.66559 6.71488
21.24995 10.45405
25.65611 6.57359
36.25598 7.81890
36.66369 10.91498
33.94564 9.33613
34.20149 9.71652
24.45877 6.38059
3.76494 6.72762
6.13365 7.37529
34.92455 10.37533
24.01953 7.24743
17.69337 9.76424
36.43835 10.32453
6.14624 7.02090
21.89321 10.12701
33.36908 11.26091
17.86621 9.85225
25.94179 7.19327
6.84212 7.87523
23.43781 9.89589
4.46030 7.41026
15.88437 9.68789
17.39049 10.66128
35.91367 11.31067
34.13859 10.22119
3.54987 6.80633
25.67486 7.86979
3.81669 7.35544
34.47056 10.38836
4.19716 7.45388
21.24813 9.92964
14.87555 10.22895
34.49545 9.11710
4.96411 6.18925
14.05251 8.40882
18.68827 9.48118
23.34740 7.90232
16.22605 7.24400
24.52260 6.80222
14.59082 8.12141
14.01634 9.01565
16.54744 4.90322
33.71877 9.85319
15.14820 8.92922
21.09441 9.88217
19.96336 10.24913
26.09659 6.80269
4.21972 7.08234
26.15920 6.52277
36.50007 10.08280
15.19866 3.75762
14.96909 5.11819
34.66268 7.69898
35.69898 10.45210
32.07575 9.15370
24.27759 6.20009
15.49758 7.90973
6.47312 6.60121
18.68025 9.89693
18.34697 9.49528
34.37432 11.17658
18.73487 10.31257
3.22747 6.60888
7.21308 5.80114
20.66748 9.38570
34.97139 9.69628
20.57727 10.11758
37.23452 9.46725
35.22444 10.43538
20.69975 9.09031
34.63499 8.85111
2.31897 6.26576
25.28021 5.64712
21.14653 9.30442
15.21513 9.40290
7.99759 7.94224
6.69220 5.52421
25.24041 7.36972
21.14323 10.53675
36.32692 10.30221
21.45275 9.81807
15.70532 5.13426
12.89651 7.05453
4.69713 6.19743
23.82053 7.61400
19.53090 9.59645
25.23892 5.09380
15.32967 3.63664
26.88219 5.32498
20.23697 10.00831
22.13754 10.36606
35.64605 11.05483
25.25350 4.94640
25.12868 7.47578
33.62967 11.16024
24.23116 6.60003
5.05087 6.56592
25.37632 8.34326
21.17439 10.60498
24.91394 6.79598
24.15732 6.78488
37.38540 8.72293
25.15659 7.79302
14.59781 6.47655
18.82105 11.09859
6.79110 6.59412
19.65140 9.53409
3.01791 7.66599
25.45431 6.44544
24.19002 7.60050
5.62658 6.15773
24.25854 5.20502
2.01271 7.40489
21.53162 9.82421
25.12964 8.45462
14.37704 5.47727
25.74824 6.32563
33.81168 9.09685
15.79965 8.23570
4.67063 7.61968
24.47904 7.79231
25.91638 7.61521
24.57388 6.69146
33.89168 10.09223
15.12007 9.31066
2.87501 7.25006
25.52606 7.40008
14.79620 4.59447
19.77053 10.19745
20.67023 9.50220
7.02811 7.33435
25.07581 7.03468
33.36599 9.41107
25.40120 7.29838
37.55424 9.63306
37.21910 8.73488
25.56390 6.99277
2.06690 5.43981
34.04250 10.81838
25.52776 6.33920
13.86188 5.89793
20.63793 10.50277
36.72018 10.22843
24.52647 6.18334
22.64301 9.65749
26.13493 7.05761
33.33365 9.34276
34.58913 11.36225
15.22165 2.56794
3.51856 6.97504
3.38797 6.86095
15.68761 3.15750
15.00182 4.13331
15.06049 7.51927
19.39137 9.63044
13.79805 5.77109
35.82518 9.13386
20.51285 10.47000
25.27322 6.81021
7.42451 7.06159
35.63157 11.24202
4.31714 7.08226
25.56279 7.41399
19.49267 10.70547
14.75107 7.17139
24.12620 6.61167
6.24477 7.61159
14.67984 10.05387
33.07714 11.60855
23.06140 9.80769
20.59770 10.23627
32.77285 10.17422
25.38313 7.82852
18.16034 8.93036
19.89835 9.81961
16.98142 9.81400
4.34804 6.07654
35.77061 7.78095
5.78676 6.47799
25.92086 7.47533
23.83500 7.70470
25.05216 6.86973
4.37975 6.86199
5.80094 6.01568
15.58317 7.29656
4.17562 7.85124
19.24540 10.30605
20.60171 11.09448
24.19151 5.64719
4.26913 6.63508
18.01037 9.97152
35.39347 10.42546
18.12976 9.92093
14.82916 8.96783
32.87980 11.01345
4.31509 7.04528
24.28291 6.86747
5.87448 7.21848
20.91600 9.43637
15.86823 6.70827
15.63434 11.47985
5.79951 7.57890
24.45742 7.88561
35.16243 8.75650
35.51803 10.14916
34.47083 10.67928
19.05766 10.31529
21.18657 9.88572
36.07564 10.06803
35.54757 11.25193
24.34344 5.99091
12.27272 7.93166
13.96250 4.61247
15.17986 6.53128
32.44066 10.87537
33.15487 8.94125
23.83885 7.54906
18.84894 9.88678
15.11912 8.53648
32.57477 9.87367
24.13082 6.45634
34.47499 9.51057
33.17742 9.30628
18.82125 10.30744
24.82533 7.21397
2.86495 6.30944
17.44570 9.27890
14.27395 7.66137
37.21559 10.53713
4.66414 7.10093
25.67254 6.46122
3.66819 7.66640
24.53047 5.99177
34.44566 9.54505
20.03107 10.03755
25.18338 7.22964
18.30606 10.23775
19.68049 9.46817
15.72315 7.14129
5.83817 7.76276
24.31522 8.16140
6.07516 6.66487
1.86718 7.78399
19.25021 9.32020
34.85619 9.13230
24.15744 6.24322
25.33002 8.08617
5.59961 6.55561
3.58875 7.14016
34.59749 9.93163
21.37401 10.43498
14.87873 9.74469
26.45809 5.55681
36.61577 8.72284
2.50769 8.53450
14.97457 4.38038
19.32242 9.15812
4.36610 6.84060
20.69693 10.33000
18.44625 9.34564
19.37661 10.02902
25.73661 6.85857
3.84138 7.21385
21.23189 11.04962
14.29766 8.42684
1.18668 6.75788
25.25182 7.10500
3.12565 6.44862
24.64640 7.53471
19.08319 10.80865
15.56398 5.31541
36.00295 9.94410
18.51180 10.29307
22.13325 9.25781
4.43905 6.85171
23.58895 10.04991
21.49349 10.00643
35.54492 9.02901
14.70048 7.92607
22.04999 10.02670
5.11097 6.81750
14.73421 8.45976
5.16547 7.38369
14.52999 3.54434
33.11229 8.07646
36.81252 10.83140
2.75737 7.00084
14.63174 8.56425
34.29725 9.85335
20.16588 9.90929
15.53998 3.58550
4.02591 7.49536
26.60049 7.70214
4.38483 7.46668
14.69472 5.59871
36.54276 10.32100
32.90508 11.32843
21.83294 10.21861
3.71034 6.16024
2.50459 7.05215
25.40364 4.81959
19.94563 10.25346
14.38202 6.85878
36.50242 9.39932
20.32174 9.43743
19.54146 10.69833
21.38312 9.64700
14.55344 7.01076
20.87888 9.64930
23.49369 9.41829
16.33571 3.04317
16.60912 7.10397
24.10299 6.55260
19.36218 9.83337
16.04981 7.39968
15.56606 3.37945
17.76345 9.83457
35.48222 9.64066
14.66512 6.67617
4.93363 6.44212
2.85878 8.00169
14.99108 9.12536
32.65215 10.09566
20.22789 10.31733
16.43168 2.96669
15.43709 5.95308
13.00894 5.53513
25.98882 7.28258
15.03580 2.50840
25.61065 7.96619
6.53698 7.52430
6.84543 7.45648
21.37512 10.73632
33.38331 9.33783
34.08083 9.91644
4.70787 7.50378
14.88379 5.05389
37.44185 7.49189
19.70705 9.39021
4.65873 7.38882
2.47697 6.79318
24.75009 5.37830
6.13565 6.97535
24.45185 7.37068
24.47824 6.08854
3.06299 7.56228
14.73598 8.58055
24.89116 7.12136
21.01904 10.73998
35.89105 11.39421
20.84441 9.49652
19.68088 10.01621
5.11583 7.45102
4.84831 7.77863
35.35457 8.98415
34.05653 11.50868
34.96525 9.60288
25.41464 7.17347
25.07489 6.92240
15.71412 3.82671
36.47734 9.25654
15.43613 5.38270
13.18569 11.03922
18.47466 10.06971
1.71965 7.01671
14.90627 8.14098
20.08454 9.23178
35.17797 10.52706
4.98020 7.49765
16.08711 6.82130
5.70575 6.85940
19.50610 9.61172
35.38394 8.56424
37.48169 10.44763
37.00334 9.53746
26.63670 7.00135
14.44253 7.55742
5.78099 7.29957
19.21217 9.81127
25.00435 6.97593
5.98023 6.93598
24.55038 6.01625
34.64234 8.67579
21.21231 9.00572
36.71481 8.98990
35.06105 9.40242
34.69898 10.29470
36.01365 10.71921
2.25772 6.48942
35.56585 8.07394
34.72672 11.64381
24.34353 7.17741
37.76794 11.07842
25.36731 6.48358
14.52815 4.91539
33.08658 10.22987
21.34635 10.46255
22.72878 10.61110
5.91660 7.60575
17.76706 9.74209
35.92756 12.00830
2.34971 7.61344
25.53205 6.90963
24.99066 5.72321
4.69078 6.80901
14.62555 8.67961
6.85268 6.96917
14.39714 7.00784
1.30648 5.45885
34.38531 7.53259
14.51686 7.55012
4.37633 7.36658
18.65415 10.33615
17.23364 9.55991
23.88215 7.29230
33.47274 12.01106
3.95255 7.19758
20.10276 10.13183
24.18684 7.25749
21.14120 10.17727
25.99363 7.71814
15.22930 3.26515
19.99921 9.40432
3.42639 6.98943
19.79146 9.89401
15.06395 4.99725
26.73237 7.39702
15.08638 7.92160
36.76456 10.12045
20.24682 10.87432
24.94824 7.55582
35.09787 8.76373
24.20333 6.26973
37.74607 11.51983
5.60176 7.63106
13.97612 7.92271
15.08005 7.74669
25.03750 6.15952
19.41418 10.53193
34.11862 10.76986
36.35470 12.52886
26.00100 7.62520
14.84974 5.22548
37.32729 10.23305
5.84003 6.65130
15.82535 6.81929
35.76025 10.62813
19.64389 10.60913
24.73596 5.97464
24.99556 7.56985
36.22050 11.12733
15.83553 7.83072
6.23144 7.64759
22.59757 10.26884
38.44089 9.62638
33.94299 9.11023
37.75949 7.28797
6.67945 6.39706
16.21663 10.35900
34.47192 10.76045
15.95203 10.65348
5.49525 6.73751
15.79125 7.74079
20.43156 10.05579
6.90618 8.14712
19.99396 10.27018
5.95086 6.83907
35.94331 9.59774
21.28828 10.51765
20.16982 9.06554
3.66571 6.17726
34.14487 8.74718
34.91574 9.78737
25.51043 8.32737
21.10781 10.13325
14.13437 7.14239
6.53945 7.68978
7.19173 7.05056
33.70591 10.70756
4.85853 7.85308
34.87905 10.77779
7.71334 6.80815
3.25768 6.95360
34.95089 10.39117
5.64778 7.66849
35.39472 9.66563
15.08843 7.06620
24.69642 7.49042
8.00857 7.33045
21.21952 10.01654
35.23223 11.33121
15.91616 8.46424
26.17113 7.49066
34.09426 9.12381
14.25945 5.50015
24.54689 7.11836
13.27742 5.42478
15.65661 7.87554
35.86700 10.26351
4.45590 6.90048
5.33628 5.97975
4.20082 7.53726
25.33394 7.49710
35.82501 10.84616
24.14552 5.84742
13.60889 10.19131
24.88003 8.08018
19.48658 10.33119
34.59971 10.66434
34.75086 10.80304
4.49568 7.91342
18.86019 10.22117
23.87050 7.56423
25.08531 6.64118
19.54085 8.51689
33.67864 10.51756
26.16797 7.63291
14.08516 11.60707
35.75762 8.47125
37.01859 11.64136
6.96552 6.38678
19.76939 10.65898
33.93652 10.24190
2.65025 8.13844
33.62335 10.35063
25.86933 7.39407
35.00221 9.95554
3.58540 7.25287
4.68330 7.82335
14.54989 5.75281
2.84157 6.40934
14.09554 6.74980
33.68821 9.98400
14.85921 7.34198
14.36139 3.48542
34.87772 10.00113
19.84510 9.63718
6.82092 6.93217
34.94691 10.28847
33.89717 11.11428
19.54815 10.52206
24.43957 7.06796
25.79865 6.75016
14.99822 7.05992
17.45420 9.93918
18.28948 10.74162
15.47204 7.84340
6.59308 6.97367
6.44702 6.14807
19.66483 9.66702
35.04446 8.79721
36.81031 10.34158
3.57534 6.13333
35.19165 9.39061
17.36530 10.85923
4.86331 7.30172
15.22882 8.19917
6.26653 7.38438
35.61179 9.02200
35.87009 10.39989
25.18462 7.24560
6.71872 6.46271
15.05678 4.34263
2.70216 7.23588
30.55171 8.18539
20.52548 9.63910
6.39340 6.84515
36.12775 9.12037
32.85508 10.10882
4.71841 7.86422
34.91089 11.08974
14.03692 7.76258
25.62257 7.35669
23.94996 7.91833
34.69497 9.37794
34.47273 9.22746
32.55274 10.43194
34.55272 9.31642
25.34941 6.26047
8.97190 5.81069
24.84115 7.42046
34.05769 9.13700
35.19358 10.41660
5.12106 7.80002
36.61603 10.13354
15.13358 6.93894
24.10819 7.67496
24.09812 6.12858
35.10885 12.35198
33.47358 9.96503
34.82124 10.21461
21.92448 10.45658
15.68683 4.71293
17.71938 9.78193
22.95444 10.14150
34.58059 9.83652
25.72687 6.43751
25.60467 8.30556
19.88702 10.23745
14.00155 6.51012
3.34780 5.37671
33.31419 10.85190
26.08573 7.17444
19.64660 10.07246
7.62473 5.98197
24.10639 5.32087
16.11014 7.60163
14.50112 4.41643
5.41950 6.75419
34.34684 12.48630
14.67146 10.17306
34.73432 9.22125
33.12572 11.68701
33.36537 9.86268
25.06015 6.75366
38.06290 10.39155
14.32761 8.72609
3.40814 6.91107
4.05712 6.63579
15.38899 9.72716
15.20716 10.87790
19.33076 11.05192
19.07776 9.58809
15.53551 5.28379
23.98184 6.24736
26.10320 7.94890
16.46385 6.07676
35.40544 10.27788
6.56398 6.19018
2.58136 7.54621
2.50445 6.23953
14.59279 2.87751
34.88556 10.40427
25.47762 7.01320
24.52949 6.61710
19.77560 9.85941
21.80999 9.95104
25.30300 6.00137
37.33559 8.44359
5.13298 6.82389
14.94336 6.65986
26.05321 7.16705
19.47108 9.64871
19.38071 10.09309
5.31853 7.51402
25.26984 5.84292
23.97471 6.96931
7.24727 7.05244
25.69561 6.50336
14.73887 9.45232
4.12662 8.01251
33.51188 9.24372
14.43132 8.07018
35.85854 10.67359
21.15268 10.26000
24.16734 6.77357
14.23002 5.21333
18.26026 10.11909
20.41960 9.22695
21.86605 10.42817
5.26206 6.58888
22.61044 10.74536
15.83405 9.15848
18.69034 9.83936
14.78955 5.83174
4.35658 7.74875
19.66457 9.70100
34.41444 10.93314
20.25429 9.08876
34.37913 10.52833
19.78182 10.33992
19.95447 10.69536
14.45904 3.54863
15.89194 2.81719
7.25101 7.64763
5.51759 7.71600
35.56949 10.09675
26.80697 7.48971
25.37447 6.84520
5.54082 6.37248
15.58970 8.03468
25.49118 5.85191
6.10113 6.90484
14.88440 6.36063
19.06454 9.31762
24.26823 6.71866
24.42709 6.21543
15.28354 6.69015
6.63406 6.11329
20.95938 10.06342
15.04876 4.18836
14.70701 8.98671
25.74106 7.66749
34.22457 8.86099
18.60686 10.70920
25.83322 7.28941
35.30639 7.62330
24.90682 6.49563
4.33820 7.34045
15.63947 5.17393
24.94083 7.47763
12.81374 5.44242
25.18011 7.04670
25.13137 6.57369
15.20994 9.19023
21.39528 9.35814
24.41069 6.10509
18.16808 10.35339
24.86612 7.29702
36.93792 10.73739
20.79289 9.49488
16.08548 11.95398
14.91352 7.40436
25.06536 5.86721
21.55139 9.88442
19.33517 10.32785
24.37197 6.83249
36.82303 10.48792
13.58217 8.27933
23.86642 6.47312
34.94980 10.42323
3.99128 8.02449
14.50724 6.00722
5.12488 6.81574
15.63491 8.78753
24.92674 5.52598
5.73200 6.14796
22.68402 10.80949
5.82786 6.61172
19.17067 10.11455
14.68600 10.06470
25.89076 7.07430
24.25082 8.53611
36.25830 9.87869
25.05643 7.05026
18.46938 9.54228
25.24365 7.73303
19.59138 10.87745
20.24736 9.97519
34.61791 9.98734
16.07654 9.03558
3.23735 6.63735
20.89150 10.09783
13.22670 7.73246
34.60022 11.66415
24.11049 7.39686
24.62432 7.22353
20.51106 10.62156
19.22027 9.58800
7.64799 7.36809
3.80473 5.86961
25.58894 7.15009
34.90574 12.19528
14.45044 6.95403
26.10979 7.60051
20.52386 10.58968
25.51057 5.79969
16.98264 5.85970
38.71333 10.36944
25.65090 6.71615
6.03042 6.15222
16.13662 8.51458
1.49966 6.01136
14.04709 9.34631
37.58540 10.88899
35.60214 10.43316
5.18222 7.37817
15.29942 7.69109
20.31974 10.06523
4.29557 5.82631
4.52759 6.16050
15.66953 9.56619
19.61130 9.74676
35.10114 9.77480
20.58898 10.38055
14.89634 6.86803
20.45348 10.81380
24.94504 7.79075
36.08508 10.82808
2.95123 6.18644
13.33244 2.64559
4.65299 6.79300
19.71188 10.27454
24.87526 7.50167
38.08710 10.39017
34.17716 8.56040
5.77888 7.55464
24.42034 6.07162
36.41337 10.21557
21.99005 10.18739
15.15964 8.42925
3.74021 7.43490
20.77689 9.57732
24.19952 7.32459
6.12272 6.13953
5.13542 7.95698
37.57620 10.26756
15.47060 8.39726
26.57666 6.37640
24.40851 5.85901
24.75451 8.04145
20.25732 10.15297
15.01639 7.58900
3.92972 7.01025
34.15291 9.97602
20.69385 8.89335
23.46524 6.16913
1.61208 8.29252
8.36642 6.32793
24.80627 7.15252
19.99033 10.62775
35.02646 10.23763
25.41286 6.50095
23.75359 6.09695
2.06339 6.68623
23.81881 6.76096
15.09624 4.00648
30.92609 8.92770
34.45485 8.34788
21.13401 9.92463
32.62514 10.38594
15.03409 5.08095
15.86681 6.57945
18.47953 10.30206
18.81911 9.61292
34.44495 10.08680
2.82138 7.23345
5.35719 7.12419
14.74550 8.01950
21.11961 9.54290
3.53723 6.91942
25.61591 7.46434
15.26399 2.63924
4.84033 7.52867
15.83158 6.80129
14.60190 10.46322
6.19681 7.11749
18.57214 10.71654
20.73080 9.38168
36.42441 10.94157
15.26536 7.32446
18.93730 10.07384
24.66346 6.82377
36.38745 10.31536
20.11858 9.79900
16.10285 7.61837
3.69348 7.58486
34.58643 10.20654
24.71906 6.94386
15.55926 6.77358
15.87166 7.33999
25.63883 7.98752
25.61080 8.00868
6.56932 6.90708
15.45110 5.85751
15.40083 7.74102
15.93773 7.61651
34.72700 11.57410
35.17154 10.46379
5.70181 7.09792
36.99571 11.68750
19.86962 10.27633
13.83197 8.36781
35.87378 11.16818
5.44366 7.29553
18.78918 9.88696
14.65286 7.63977
35.53392 11.52746
19.00657 9.37419
36.54153 10.50910
6.20035 7.60542
25.04984 6.27517
14.50320 4.85236
36.99924 10.12158
24.33949 7.08617
24.76467 7.33292
3.09091 7.36689
7.79903 6.50669
20.85315 10.20210
13.91528 6.62551
25.76716 7.17249
25.42488 8.98858
35.55820 9.80830
16.22357 8.39511
17.54927 8.86695
24.03645 6.44188
14.88138 6.19939
4.58717 6.63848
4.64797 6.17844
33.48266 10.21390
5.89184 7.29786
34.94844 9.80390
4.43464 6.50374
5.33330 6.99272
5.84686 6.71423
25.84051 7.14856
33.81298 9.96490
5.57543 6.80753
34.35325 10.03340
34.47005 7.93629
33.57281 9.57370
4.09612 6.58052
3.74038 6.66422
14.37924 5.67908
14.80329 6.61746
16.95437 7.95573
19.20386 10.84546
14.10223 8.30191
15.37166 9.92587
36.41273 10.98692
34.48141 11.20406
24.37260 7.71135
35.98333 11.55399
24.90584 7.02278
22.24556 9.56731
18.97949 10.26873
34.04834 8.11714
4.25689 7.00946
23.39765 7.34033
35.17887 10.99608
19.71312 10.92841
14.89852 3.81571
5.14396 7.46305
25.60642 6.90576
33.55485 8.51023
24.28096 6.54322
4.97146 6.37659
7.48656 6.84809
14.18297 8.12036
20.79562 9.53569
15.22894 5.77025
23.95318 6.71023
24.15329 6.78042
2.84318 6.32544
34.75843 10.62533
36.74617 8.65451
26.05009 6.75447
15.64199 7.10114
3.37690 5.52451
14.26430 6.06852
26.63894 6.76836
19.04796 9.89508
14.84400 7.70086
14.08989 5.30836
13.83382 6.87926
36.87612 11.78799
15.53073 8.58121
5.04123 6.63254
3.90113 6.99730
5.39476 7.18764
25.38884 6.33194
15.45306 6.84382
6.36563 6.55468
23.74419 5.66010
3.85644 6.03429
7.12939 7.25878
25.23173 8.28706
24.75741 7.61076
5.35879 6.41787
1.93642 6.14838
19.09759 10.26224
14.68180 6.44223
25.52283 6.63256
25.62882 7.74911
20.22130 9.78979
19.82236 9.22202
24.75807 7.59975
14.85543 7.36662
16.31785 6.43733
5.86372 6.57364
14.91759 8.29994
14.83922 5.92076
4.96350 7.20672
37.64089 10.04986
14.95450 9.71890
21.51269 10.29226
14.71085 8.73334
25.46034 8.15027
17.56444 9.72810
22.16060 9.97735
34.88065 10.96026
24.91670 6.04714
15.06235 6.49966
20.42330 10.06322
6.19593 7.45541
15.12272 8.68088
33.94609 10.73389
14.27812 6.31592
5.94471 6.52411
30.13895 9.55506
21.99152 10.04074
3.99468 6.99330
14.51056 8.33608
2.85626 8.15556
3.18025 7.42389
5.25770 6.95164
16.36364 6.14812
4.38111 7.42561
18.60209 9.95946
35.42642 12.02813
15.56008 9.94280
17.92682 9.35175
25.55816 8.46968
35.96442 11.28039
14.98209 8.55377
20.57739 10.24722
25.62563 9.10973
19.99687 10.50709
15.18923 7.08311
25.20977 7.58222
14.00833 5.56362
19.45413 9.97974
20.08629 11.00341
14.65219 6.26830
25.26770 7.31495
17.35488 10.54050
19.27806 9.45418
35.70363 10.25659
15.60752 6.63187
24.47259 7.40660
36.94994 10.08855
35.70340 10.54181
16.16591 9.40846
4.40495 6.96196
25.16124 8.25335
15.42928 9.63660
2.45687 7.38143
25.66792 7.31524
24.39638 8.06444
18.50528 9.61173
23.89777 4.88098
3.44485 6.66680
38.04353 10.01547
25.14544 7.23892
14.60563 5.20287
5.61264 7.97362
14.06696 8.82147
32.83051 10.98459
19.73686 9.93853
37.61452 10.19751
25.13300 8.16849
15.33211 6.21297
14.81404 6.90131
33.34915 10.88999
25.39874 7.06184
15.72068 8.86011
21.08078 10.57406
15.91953 6.49272
4.87755 6.04583
15.00232 12.94707
33.26586 11.36571
25.75085 7.26569
14.66011 6.15463
15.35231 8.47315
34.69111 9.94657
35.41985 9.30803
15.10997 7.63788
33.01391 10.74966
34.53407 10.34880
2.89345 7.48714
25.47389 6.67917
24.61693 8.24836
19.54653 9.97185
19.22860 10.12462
25.33805 7.28720
14.77986 8.09542
25.78062 6.84627
14.87029 8.28288
25.01675 5.76265
23.80441 6.66527
18.22636 9.28289
36.93027 9.97962
6.49206 8.03753
14.35377 7.75511
35.00120 10.45978
25.66353 6.61325
5.67173 7.21791
19.69480 9.78384
21.04062 9.66997
24.75478 7.61836
26.76505 6.87437
5.48755 6.15574
5.97134 6.42639
5.43393 6.97602
15.06840 5.36583
36.52329 10.24026
24.63868 6.12405
3.10608 6.46653
25.80368 7.69440
14.98340 3.96284
15.79123 10.29741
5.15585 6.13230
3.49521 7.77602
16.73525 8.42786
19.73612 9.78457
15.91373 7.57190
26.42172 5.22711
17.10760 4.28206
14.96331 7.94333
13.89578 8.54854
32.38420 9.14341
15.30040 5.44280
19.47107 10.43852
21.33984 10.12829
15.16845 8.81657
14.65695 9.69634
34.81303 6.88766
24.22551 7.40033
35.34060 10.59939
32.96161 10.50077
14.65448 4.05703
5.60627 7.20619
35.12943 9.74439
37.88605 9.86047
26.35893 6.42025
36.78298 11.13848
2.18785 7.23363
20.73369 10.03098
14.98143 4.01841
5.04790 6.90268
15.84116 8.78873
15.45485 7.46446
4.47536 7.55239
7.51515 7.27309
34.76717 10.36161
34.61153 8.47654
26.02596 6.76183
6.27538 7.87705
16.22174 6.77433
26.19193 5.98108
15.87694 10.41013
14.36066 9.62726
21.02360 10.09337
25.96564 6.44999
2.00734 7.74563
25.70195 7.05638
24.90694 7.80435
5.07918 7.81777
34.97879 10.86573
24.61045 5.34921
23.40099 10.27477
24.45465 6.83840
20.69271 9.90520
15.95706 8.11871
33.16389 9.29652
14.66016 7.93512
22.17202 9.77229
36.85329 11.83008
15.79176 3.99026
22.64399 9.87253
13.69018 7.11994
31.44413 9.63664
34.53697 8.06338
24.07078 7.38148
5.84852 6.98328
25.10313 7.30831
20.82424 9.85041
14.49682 6.70017
14.95975 5.36513
25.75095 7.52211
14.68942 5.94802
4.80700 6.31077
3.63499 7.12229
14.55396 8.13153
34.80848 9.48300
15.58431 7.40828
15.54836 7.34869
24.25428 5.84958
4.85729 7.31080
25.25862 5.99336
3.47319 7.96415
14.95900 7.23346
24.33746 6.25863
34.37744 11.69763
33.26060 9.66970
5.21085 7.19987
4.00012 7.92120
35.47457 9.38573
14.80792 9.43617
21.72726 9.26927
15.48835 6.52817
24.64311 8.06514
14.82169 6.82866
30.92943 9.11670
5.44229 7.82541
25.21972 6.27846
36.41002 10.45621
20.43507 9.82326
33.25148 10.22915
14.03154 8.72469
20.00756 9.46621
14.44404 5.21132
3.12242 7.39153
4.72318 6.62555
20.15201 9.67317
19.91197 10.32442
24.32307 6.74157
33.76335 9.68975
3.71641 7.10273
36.60052 9.98039
24.38270 7.31708
14.24044 9.78998
34.76588 9.39422
35.73399 6.95035
5.97327 7.06815
14.47379 3.35854
36.50134 7.80973
5.52359 6.60605
15.67365 7.44913
37.05770 8.07685
24.21712 6.13973
24.69384 6.02007
21.62033 9.63865
33.85425 10.53162
20.68827 9.38397
25.09846 6.75142
15.03888 7.70603
5.73801 7.13516
21.22269 10.09285
24.36265 7.39279
25.40060 7.30710
17.17709 10.57795
23.74333 6.34939
20.43407 9.62128
25.55597 7.14718
14.96067 5.92413
15.03804 6.70046
24.84367 6.65076
25.03088 7.36513
24.95959 7.10396
5.70047 7.11644
18.94867 10.36536
19.25785 9.72110
24.97876 7.35173
15.05837 7.80960
24.57895 7.31178
23.88757 6.64341
20.25779 10.74752
14.52316 7.64708
14.58261 6.12030
3.61701 7.07718
15.48378 8.10535
14.68886 6.38395
32.48723 10.28896
34.98316 11.64317
25.05636 7.09499
35.87687 10.01345
5.25869 7.36791
15.02679 3.39464
18.51468 9.76643
3.82241 6.76247
5.14388 6.90882
25.48656 7.36455
15.39317 7.55093
19.32334 10.09797
5.20295 6.29333
19.04057 11.10440
33.76968 7.79578
37.92582 10.01114
25.76819 6.58543
25.34586 5.68989
35.45311 9.65843
14.02561 8.14603
25.28159 6.50788
4.21671 7.00396
36.46684 9.27166
23.68719 6.93786
33.87552 9.30788
13.97592 5.26132
17.76199 10.03102
36.66336 10.83559
3.16800 7.60660
18.77923 10.45660
5.82195 7.76272
24.86468 5.88771
20.32419 9.58955
13.48090 8.94407
25.19405 6.01528
5.42367 7.47819
18.36896 10.09898
22.22364 10.32881
5.11076 6.79575
32.89612 10.13064
26.20967 7.26841
24.27500 7.60516
3.15331 6.60112
15.13168 4.17547
6.38378 7.21329
14.35789 6.97252
21.99419 10.14621
24.41390 6.38935
14.45105 11.24536
20.33991 9.84202
19.76052 10.36823
14.80518 6.14701
34.77695 10.55092
33.16023 8.56407
15.49474 2.96246
21.39687 10.41827
18.87183 9.14318
25.14906 6.28957
19.67144 8.67146
19.71560 10.38006
25.61217 6.87912
2.13649 6.78795
6.14496 6.98153
35.39370 10.39300
18.55093 10.65269
18.40627 10.11862
6.25761 6.18581
21.07004 10.16073
4.65790 8.49444
5.19190 6.54016
24.58169 7.23710
15.09790 8.33656
26.00014 7.52400
14.80495 10.77534
14.21803 6.67618
3.14104 7.59564
35.73547 8.44052
4.97391 6.56650
14.86839 6.32282
4.69387 7.09017
33.48091 11.61503
3.16841 6.49740
35.19510 7.49023
24.56187 6.80007
25.51673 6.50368
35.13405 9.78166
36.01093 9.66337
24.24002 7.16317
19.63688 9.12176
5.31098 6.49071
23.79495 7.38898
26.63882 6.89178
23.63286 6.48977
2.14069 6.33028
20.54221 9.80849
5.19034 6.91567
35.35288 10.39168
21.24597 9.34535
25.51150 6.93326
25.01300 8.04021
20.55755 10.02624
25.11289 7.33437
35.13690 9.56329
36.15797 10.37008
5.89480 6.58303
25.59169 6.00517
25.53516 7.21514
21.37454 10.19457
15.30078 6.34608
34.15355 9.29548
34.85500 11.61307
20.03658 10.79813
37.13157 9.36328
16.32387 4.39679
14.71852 6.23049
4.66149 7.11837
21.56548 9.33592
25.57584 7.89770
25.10213 7.06698
8.02867 7.32093
21.74928 9.28200
16.11727 8.01042
20.53962 10.22872
5.31285 7.54658
20.88288 9.84849
25.86169 7.45506
38.25578 8.76246
14.76426 5.16692
5.95264 6.54260
20.85871 10.13123
17.13749 9.54814
18.81212 10.20820
25.50834 4.93211
18.72743 10.04815
14.64406 5.54066
32.55142 8.51452
21.17361 9.95282
7.36880 6.64270
4.23618 7.37877
35.56829 10.29970
20.98436 10.35701
24.72884 6.00658
15.38949 5.86809
37.36389 9.96825
35.05858 9.72399
26.23571 6.67645
24.86170 6.53705
34.58819 9.61615
15.81795 6.73774
34.61200 10.10613
21.07442 10.25678
25.86715 7.49652
34.51832 11.41800
23.94800 6.37895
34.59996 9.07477
5.24321 6.57868
4.43282 6.54780
33.78815 11.02145
5.71736 6.87412
19.10465 10.76689
24.45533 6.16363
33.56003 11.86432
21.41208 9.74488
25.58038 6.88820
19.36671 9.61806
24.47109 7.59200
14.30542 7.69640
5.55659 6.37532
34.21655 8.74686
25.11540 7.85400
25.84859 7.16926
2.12000 7.14244
17.92477 10.06016
34.73593 9.14264
17.80279 9.22556
24.12351 6.37377
35.35330 9.47921
13.92004 5.60021
24.41584 7.50499
15.22513 6.06094
7.41537 6.69733
24.00392 5.91819
26.47968 8.03335
23.42173 6.90923
20.34883 9.51791
3.20460 6.20896
23.10462 10.60849
15.30197 9.55507
36.32335 11.45184
25.08266 6.21612
25.70949 6.74777
19.69942 9.07330
4.17333 7.29501
24.63474 5.85396
17.02157 9.89902
21.48581 9.95687
22.07801 10.30004
23.95224 6.22290
34.06188 10.07755
9.58060 6.39521
26.12416 6.29174
8.81794 7.03590
14.56273 5.42690
14.59001 7.50037
5.48720 7.58190
4.54107 7.37551
22.24354 9.27535
5.45509 6.77878
14.22758 8.99884
32.61915 10.31249
24.68686 6.69627
33.94715 9.45822
15.14861 8.90279
20.99293 10.15489
34.43409 8.73946
24.56040 8.86278
22.94903 4.92446
33.16943 9.64502
18.48675 10.00003
14.13373 6.17024
